0 0.521875 0.522472 0.185417 0.764045
0 0.359375 0.460674 0.131250 0.533708
0 0.802083 0.539326 0.200000 0.752809
3 0.120833 0.384831 0.237500 0.286517
3 0.214583 0.231742 0.154167 0.081461
0 0.981250 0.245787 0.033333 0.165730
0 0.922917 0.318820 0.058333 0.238764
0 0.632292 0.466292 0.106250 0.505618
0 0.734375 0.396067 0.085417 0.376404
0 0.869792 0.265449 0.052083 0.182584
3 0.075000 0.273876 0.145833 0.087079
3 0.197917 0.380618 0.195833 0.244382
3 0.039583 0.480337 0.070833 0.247191
0 0.666667 0.382022 0.062500 0.359551