3 0.414844 0.397656 0.195312 0.235937
3 0.764062 0.454688 0.140625 0.231250
3 0.570312 0.462500 0.168750 0.237500
3 0.746875 0.107031 0.046875 0.057813
3 0.831250 0.351562 0.096875 0.162500
3 0.737500 0.289844 0.075000 0.135937
3 0.675781 0.343750 0.117188 0.184375
4 0.853125 0.117188 0.037500 0.065625
3 0.710938 0.123438 0.037500 0.053125
3 0.677344 0.140625 0.054688 0.059375
3 0.774219 0.107813 0.014063 0.043750
3 0.584375 0.178125 0.062500 0.081250
3 0.489063 0.191406 0.106250 0.117188
0 0.347656 0.184375 0.017188 0.084375
0 0.307812 0.193750 0.021875 0.090625