3 0.607031 0.449219 0.160938 0.229687
3 0.806250 0.381250 0.121875 0.212500
3 0.672656 0.344531 0.110937 0.157812
3 0.745313 0.609375 0.175000 0.321875
3 0.680469 0.133594 0.073438 0.070312
3 0.749219 0.109375 0.039062 0.053125
3 0.859375 0.123438 0.050000 0.056250
3 0.715625 0.122656 0.031250 0.051562
0 0.640625 0.124219 0.009375 0.051562
0 0.625781 0.121875 0.010937 0.056250
0 0.577344 0.117188 0.010937 0.056250
0 0.570312 0.122656 0.009375 0.048438
0 0.357031 0.181250 0.023438 0.096875
3 0.867969 0.292187 0.079687 0.121875
3 0.885156 0.241406 0.101562 0.085938