3 0.750000 0.503906 0.153125 0.245312
3 0.668750 0.348438 0.121875 0.184375
3 0.467187 0.595313 0.240625 0.325000
3 0.354687 0.432812 0.221875 0.265625
3 0.545312 0.317969 0.125000 0.157812
3 0.487500 0.192969 0.109375 0.117188
3 0.676562 0.141406 0.056250 0.060937
3 0.735938 0.292187 0.071875 0.134375
4 0.771094 0.228906 0.082812 0.145313
3 0.803125 0.130469 0.050000 0.067187
3 0.711719 0.125000 0.039062 0.053125
3 0.746875 0.107031 0.046875 0.060937
3 0.773438 0.107031 0.015625 0.045312
3 0.854688 0.129688 0.040625 0.046875
3 0.829688 0.351562 0.100000 0.165625
3 0.878125 0.274219 0.078125 0.129688
3 0.944531 0.246875 0.076563 0.075000