3 0.753125 0.503906 0.143750 0.285938
3 0.391406 0.407031 0.220312 0.285938
3 0.579688 0.419531 0.178125 0.307812
0 0.245312 0.246094 0.028125 0.120313
2 0.820312 0.417969 0.031250 0.132812
3 0.855469 0.289844 0.082812 0.123438
3 0.825000 0.358594 0.109375 0.167187
3 0.465625 0.292187 0.090625 0.162500
3 0.584375 0.274219 0.093750 0.117188
3 0.704688 0.325781 0.103125 0.189062
3 0.749219 0.259375 0.079687 0.131250
3 0.721875 0.152344 0.056250 0.064062
3 0.788281 0.217969 0.057813 0.114062
3 0.860938 0.132812 0.037500 0.050000
3 0.912500 0.100781 0.050000 0.042188
3 0.748437 0.084375 0.050000 0.037500