3 0.344531 0.687500 0.329688 0.484375
3 0.753125 0.465625 0.168750 0.306250
2 0.326562 0.239844 0.046875 0.110937
3 0.314063 0.470313 0.228125 0.250000
3 0.572656 0.275000 0.142187 0.178125
3 0.828906 0.240625 0.120313 0.115625
0 0.280469 0.196875 0.023438 0.109375
3 0.615625 0.377344 0.137500 0.189062
3 0.721875 0.267969 0.096875 0.142187
3 0.683594 0.125781 0.057813 0.073438
3 0.743750 0.108594 0.046875 0.054688
3 0.844531 0.092969 0.057813 0.042188
3 0.969531 0.225000 0.054688 0.087500
3 0.031250 0.821875 0.059375 0.271875