3 0.736719 0.471875 0.157812 0.284375
3 0.910937 0.100781 0.053125 0.035937
3 0.785937 0.089844 0.053125 0.039062
3 0.760938 0.107031 0.040625 0.048438
3 0.711719 0.123438 0.039062 0.056250
3 0.668750 0.136719 0.059375 0.079687
3 0.577344 0.160156 0.089063 0.104688
3 0.488281 0.189844 0.110937 0.117188
0 0.353906 0.178125 0.023438 0.096875
3 0.819531 0.248438 0.070312 0.103125
3 0.763281 0.274219 0.073438 0.126562
3 0.814063 0.361719 0.103125 0.207813
3 0.579688 0.308594 0.121875 0.148438
3 0.396875 0.397656 0.212500 0.264062
3 0.510156 0.475781 0.198437 0.304688