3 0.614062 0.420312 0.153125 0.240625
3 0.816406 0.386719 0.110937 0.185938
3 0.439063 0.417187 0.178125 0.218750
3 0.490625 0.193750 0.109375 0.118750
3 0.677344 0.141406 0.057813 0.060937
3 0.711719 0.312500 0.092188 0.150000
4 0.767969 0.235937 0.079687 0.150000
3 0.710156 0.122656 0.039062 0.048438
3 0.745313 0.102344 0.046875 0.051562
3 0.774219 0.106250 0.014063 0.040625
3 0.904687 0.120313 0.050000 0.053125
3 0.816406 0.151562 0.048438 0.059375
3 0.738281 0.157812 0.067187 0.084375
3 0.869531 0.285938 0.076563 0.140625
3 0.925781 0.249219 0.076563 0.082812