3 0.355469 0.486719 0.229687 0.307812
3 0.789844 0.482031 0.157812 0.292187
5 0.265625 0.360156 0.209375 0.257812
2 0.428906 0.293750 0.051562 0.093750
3 0.467187 0.364063 0.146875 0.187500
3 0.434375 0.272656 0.137500 0.142187
3 0.489844 0.188281 0.107813 0.107813
3 0.613281 0.155469 0.085938 0.089063
3 0.690625 0.132812 0.075000 0.075000
3 0.751563 0.110156 0.040625 0.051562
3 0.863281 0.129688 0.042188 0.059375
3 0.839844 0.178906 0.014063 0.070312
5 0.789062 0.189062 0.096875 0.175000
3 0.715625 0.283594 0.103125 0.164062
3 0.612500 0.339844 0.153125 0.179688
3 0.870313 0.285156 0.068750 0.120313
3 0.830469 0.339062 0.104688 0.187500
3 0.598437 0.503906 0.209375 0.282813