3 0.745313 0.393750 0.159375 0.259375
3 0.567969 0.324219 0.135937 0.154688
3 0.792969 0.664844 0.217188 0.423438
3 0.757031 0.080469 0.057813 0.042188
3 0.761719 0.104688 0.039062 0.043750
3 0.706250 0.121094 0.046875 0.054688
3 0.654687 0.145313 0.062500 0.065625
3 0.574219 0.172656 0.079687 0.082812
3 0.489063 0.190625 0.109375 0.118750
3 0.894531 0.161719 0.048438 0.089063
3 0.816406 0.183594 0.051562 0.092188
3 0.727344 0.179688 0.064062 0.084375
3 0.793750 0.222656 0.071875 0.135937
3 0.739062 0.271094 0.096875 0.142187
3 0.646875 0.242969 0.084375 0.117188
3 0.347656 0.458594 0.210938 0.201563
3 0.271094 0.726562 0.351562 0.509375