3 0.753125 0.504687 0.143750 0.275000
3 0.392969 0.406250 0.223438 0.290625
3 0.582031 0.417969 0.189062 0.314063
0 0.325781 0.218750 0.023438 0.109375
3 0.844531 0.331250 0.095312 0.150000
3 0.704688 0.327344 0.103125 0.189062
3 0.967969 0.239844 0.048438 0.076563
3 0.749219 0.262500 0.082812 0.137500
3 0.786719 0.219531 0.057813 0.110937
3 0.591406 0.265625 0.089063 0.112500
3 0.924219 0.122656 0.020313 0.026562
3 0.850781 0.096094 0.051562 0.035937
3 0.914844 0.100781 0.045312 0.035937
3 0.466406 0.284375 0.095312 0.143750
2 0.819531 0.418750 0.032813 0.134375