3 0.750000 0.502344 0.150000 0.292187
3 0.394531 0.406250 0.223438 0.275000
3 0.582031 0.416406 0.185938 0.307812
0 0.282813 0.235156 0.025000 0.117188
3 0.466406 0.294531 0.092188 0.157812
3 0.584375 0.269531 0.096875 0.114062
3 0.706250 0.325781 0.103125 0.185938
3 0.749219 0.262500 0.082812 0.137500
3 0.785937 0.220312 0.059375 0.115625
3 0.865625 0.278906 0.087500 0.123438
3 0.825781 0.358594 0.107813 0.160938
2 0.819531 0.420312 0.026562 0.134375
3 0.796875 0.125781 0.053125 0.048438
3 0.910156 0.121094 0.048438 0.042188
3 0.885938 0.100000 0.053125 0.034375
3 0.845313 0.091406 0.050000 0.039062
3 0.732031 0.078906 0.054688 0.035937