3 0.409375 0.398438 0.196875 0.259375
3 0.936719 0.238281 0.095312 0.095312
3 0.893750 0.160156 0.050000 0.085938
3 0.823438 0.092969 0.053125 0.042188
3 0.728906 0.084375 0.051562 0.043750
3 0.760156 0.107031 0.039062 0.045312
3 0.707812 0.122656 0.046875 0.057813
3 0.654687 0.144531 0.062500 0.067187
3 0.575000 0.160938 0.078125 0.106250
3 0.487500 0.186719 0.109375 0.110937
3 0.807031 0.116406 0.039062 0.045312
3 0.795312 0.138281 0.050000 0.057813
3 0.647656 0.253906 0.101562 0.117188
3 0.665625 0.319531 0.128125 0.179688
3 0.553125 0.326562 0.118750 0.165625
3 0.583594 0.449219 0.182812 0.229687
3 0.746875 0.518750 0.150000 0.312500