3 0.605469 0.403906 0.204687 0.251563
3 0.440625 0.195312 0.146875 0.153125
3 0.605469 0.160938 0.073438 0.068750
3 0.683594 0.126562 0.060937 0.071875
3 0.742969 0.109375 0.045312 0.053125
3 0.817187 0.132031 0.053125 0.073438
3 0.880469 0.147656 0.051562 0.076563
3 0.755469 0.835156 0.376563 0.323437
0 0.940625 0.635156 0.059375 0.273438
0 0.942187 0.604688 0.056250 0.275000
0 0.979688 0.684375 0.040625 0.290625
0 0.632031 0.116406 0.017188 0.060937
0 0.585938 0.121094 0.012500 0.048438
0 0.578906 0.128906 0.014063 0.042188