3 0.243750 0.511719 0.318750 0.432812
3 0.759375 0.589063 0.137500 0.234375
3 0.819531 0.371875 0.110937 0.175000
2 0.796094 0.490625 0.054688 0.125000
3 0.567969 0.445312 0.198437 0.315625
3 0.462500 0.308594 0.093750 0.176563
3 0.532031 0.246094 0.079687 0.101562
3 0.585938 0.269531 0.093750 0.104688
3 0.695312 0.331250 0.115625 0.187500
3 0.854688 0.289062 0.090625 0.121875
3 0.750000 0.256250 0.081250 0.125000
3 0.782813 0.219531 0.059375 0.110937
3 0.816406 0.188281 0.042188 0.076563
0 0.132812 0.287500 0.031250 0.134375