3 0.410156 0.400000 0.195312 0.262500
2 0.248438 0.417969 0.087500 0.207813
3 0.825781 0.089063 0.054688 0.043750
3 0.760938 0.107031 0.040625 0.048438
3 0.707031 0.123438 0.048438 0.059375
3 0.873437 0.124219 0.043750 0.060937
3 0.894531 0.160156 0.051562 0.082812
3 0.793750 0.132031 0.059375 0.076563
3 0.800781 0.186719 0.057813 0.089063
3 0.653906 0.146094 0.060937 0.064062
3 0.575781 0.173437 0.076563 0.081250
3 0.487500 0.191406 0.109375 0.120313
3 0.685937 0.200000 0.068750 0.081250
3 0.778906 0.253906 0.117188 0.154688
3 0.637500 0.257031 0.093750 0.110937
3 0.552344 0.324219 0.120313 0.154688
3 0.666406 0.317969 0.126562 0.176563
3 0.813281 0.358594 0.117188 0.201563
3 0.745313 0.511719 0.150000 0.295312