3 0.404687 0.397656 0.193750 0.204687
3 0.785156 0.401562 0.148438 0.253125
3 0.452344 0.569531 0.248438 0.379688
2 0.325000 0.239063 0.046875 0.115625
0 0.279687 0.198437 0.018750 0.112500
3 0.607031 0.253125 0.126562 0.165625
3 0.683594 0.127344 0.057813 0.070312
3 0.742969 0.108594 0.042188 0.051562
3 0.640625 0.348438 0.125000 0.171875
3 0.738281 0.257031 0.095312 0.145313
3 0.846875 0.237500 0.121875 0.112500
3 0.971875 0.223438 0.056250 0.093750
3 0.926562 0.104688 0.034375 0.037500
3 0.908594 0.790625 0.182812 0.375000
3 0.114844 0.744531 0.226562 0.417187