3 0.357812 0.503906 0.231250 0.260937
3 0.788281 0.484375 0.160938 0.303125
3 0.751563 0.109375 0.040625 0.053125
3 0.691406 0.132031 0.079687 0.076563
3 0.611719 0.156250 0.085938 0.090625
3 0.490625 0.189844 0.109375 0.114062
3 0.431250 0.273438 0.131250 0.153125
5 0.265625 0.360938 0.209375 0.256250
3 0.846875 0.168750 0.021875 0.071875
5 0.794531 0.189844 0.092188 0.182812
3 0.889844 0.264062 0.079687 0.109375
3 0.830469 0.340625 0.104688 0.193750
3 0.716406 0.282813 0.104688 0.175000
2 0.610938 0.232813 0.040625 0.059375
3 0.612500 0.342187 0.156250 0.184375
3 0.597656 0.507812 0.210938 0.290625
3 0.467187 0.361719 0.146875 0.179688