3 0.753906 0.518750 0.142187 0.271875
3 0.582031 0.416406 0.192188 0.307812
0 0.153125 0.521875 0.053125 0.212500
3 0.442188 0.196094 0.156250 0.154688
0 0.090625 0.553125 0.075000 0.231250
0 0.061719 0.510938 0.039062 0.196875
0 0.089063 0.489063 0.040625 0.221875
0 0.217188 0.292969 0.037500 0.142187
2 0.862500 0.135156 0.021875 0.054688
3 0.764062 0.136719 0.053125 0.070312
3 0.682813 0.127344 0.059375 0.073438
3 0.605469 0.160938 0.073438 0.075000
3 0.703125 0.325781 0.109375 0.185938
3 0.770312 0.083594 0.050000 0.035937