3 0.250781 0.394531 0.235937 0.273438
3 0.489063 0.396094 0.203125 0.220312
4 0.696094 0.289062 0.157812 0.293750
3 0.760156 0.446875 0.135937 0.212500
3 0.837500 0.329688 0.096875 0.171875
3 0.488281 0.190625 0.110937 0.115625
3 0.848437 0.093750 0.056250 0.040625
3 0.791406 0.085156 0.054688 0.035937
3 0.750000 0.108594 0.043750 0.051562
3 0.712500 0.121875 0.031250 0.050000
3 0.675000 0.130469 0.062500 0.064062
3 0.614062 0.186719 0.096875 0.120313
3 0.867969 0.137500 0.039062 0.053125
3 0.855469 0.153906 0.023438 0.057813
3 0.828906 0.162500 0.045312 0.087500
3 0.813281 0.191406 0.051562 0.095312
3 0.789844 0.214844 0.032813 0.101562
3 0.782813 0.267188 0.021875 0.140625
2 0.920312 0.125781 0.018750 0.054688
2 0.858594 0.212500 0.042188 0.071875
3 0.917969 0.232031 0.098437 0.095312
3 0.879687 0.285156 0.065625 0.123438