3 0.753906 0.505469 0.142187 0.276562
3 0.391406 0.404687 0.217188 0.293750
3 0.578125 0.414844 0.178125 0.314063
0 0.312500 0.221875 0.031250 0.109375
2 0.819531 0.419531 0.035937 0.135937
3 0.930469 0.242188 0.101562 0.087500
3 0.786719 0.219531 0.057813 0.110937
3 0.749219 0.260937 0.082812 0.137500
3 0.899219 0.118750 0.057813 0.037500
3 0.866406 0.095312 0.057813 0.040625
3 0.787500 0.089063 0.050000 0.037500
3 0.467187 0.294531 0.093750 0.164062
3 0.586719 0.267188 0.095312 0.106250
3 0.704688 0.322656 0.100000 0.185938
3 0.837500 0.342187 0.100000 0.159375