3 0.300781 0.370312 0.204687 0.243750
3 0.475781 0.399219 0.167187 0.210938
3 0.761719 0.457031 0.135937 0.226562
5 0.695312 0.288281 0.159375 0.285938
3 0.870313 0.132031 0.034375 0.051562
3 0.857812 0.158594 0.021875 0.060937
3 0.828125 0.163281 0.046875 0.082812
3 0.815625 0.191406 0.053125 0.095312
3 0.789062 0.214844 0.031250 0.098437
3 0.782031 0.263281 0.020313 0.132812
3 0.928125 0.229687 0.096875 0.093750
3 0.876563 0.284375 0.065625 0.121875
3 0.841406 0.332031 0.098437 0.170313
3 0.893750 0.099219 0.056250 0.045312
3 0.839844 0.091406 0.054688 0.039062
3 0.750000 0.109375 0.043750 0.053125
3 0.712500 0.121094 0.031250 0.048438
3 0.667188 0.121875 0.075000 0.050000
3 0.665625 0.165625 0.081250 0.100000
3 0.489063 0.191406 0.109375 0.120313
3 0.186719 0.935156 0.370312 0.129688