3 0.571875 0.392969 0.175000 0.242188
3 0.434375 0.382031 0.162500 0.201563
3 0.253125 0.797656 0.459375 0.404687
2 0.220312 0.439844 0.081250 0.220312
2 0.574219 0.224219 0.032813 0.101562
2 0.867188 0.150000 0.018750 0.065625
3 0.751563 0.106250 0.043750 0.050000
3 0.713281 0.122656 0.032813 0.054688
3 0.678906 0.136719 0.067187 0.079687
3 0.612500 0.154688 0.084375 0.090625
3 0.489844 0.191406 0.107813 0.117188
3 0.399219 0.288281 0.160938 0.160938
3 0.982812 0.218750 0.034375 0.084375
3 0.906250 0.232813 0.106250 0.100000
3 0.862500 0.286719 0.084375 0.123438
3 0.785156 0.469531 0.157812 0.295312
3 0.919531 0.103906 0.048438 0.045312
3 0.835938 0.184375 0.021875 0.084375
5 0.784375 0.204687 0.090625 0.196875
3 0.701562 0.296875 0.106250 0.181250