0 0.665428 0.483412 0.182156 0.720379
3 0.167286 0.453791 0.330855 0.476303
0 0.821561 0.472749 0.215613 0.713270
0 0.355948 0.507109 0.236059 0.810427
3 0.443309 0.180095 0.124535 0.137441
0 0.435874 0.504739 0.187732 0.739336
3 0.155204 0.303318 0.291822 0.203791
0 0.973978 0.171801 0.040892 0.229858
3 0.799257 0.078199 0.085502 0.099526
3 0.847584 0.158768 0.130112 0.132701
3 0.875465 0.120853 0.104089 0.104265
3 0.887546 0.079384 0.083643 0.082938
3 0.486059 0.168246 0.083643 0.123223
3 0.697026 0.169431 0.107807 0.139810
3 0.524164 0.140995 0.104089 0.125592
3 0.571561 0.101896 0.091078 0.123223
4 0.129182 0.132701 0.250929 0.251185