3 0.410938 0.398438 0.196875 0.259375
2 0.246094 0.419531 0.082812 0.204687
3 0.907813 0.112500 0.053125 0.040625
3 0.856250 0.134375 0.046875 0.065625
3 0.760938 0.108594 0.040625 0.051562
3 0.708594 0.121875 0.048438 0.056250
3 0.656250 0.146094 0.059375 0.064062
3 0.491406 0.190625 0.114062 0.118750
3 0.583594 0.192188 0.107813 0.121875
3 0.809375 0.171094 0.059375 0.095312
3 0.790625 0.188281 0.056250 0.060937
3 0.780469 0.258594 0.114062 0.157812
3 0.667969 0.205469 0.070312 0.064062
3 0.631250 0.258594 0.090625 0.107813
3 0.551562 0.329688 0.118750 0.165625
3 0.668750 0.320312 0.131250 0.181250
3 0.815625 0.357812 0.115625 0.203125
3 0.582031 0.447656 0.182812 0.223438
3 0.745313 0.517188 0.153125 0.315625