3 0.165625 0.603125 0.321875 0.421875
3 0.553125 0.442969 0.212500 0.373437
3 0.811719 0.378125 0.104688 0.178125
2 0.795312 0.514062 0.059375 0.109375
0 0.123438 0.295312 0.025000 0.128125
3 0.456250 0.317969 0.090625 0.192188
3 0.524219 0.251563 0.082812 0.106250
3 0.583594 0.267188 0.095312 0.100000
3 0.689844 0.335938 0.117188 0.196875
3 0.856250 0.293750 0.084375 0.125000
3 0.746094 0.262500 0.082812 0.131250
3 0.785937 0.219531 0.056250 0.114062
3 0.817969 0.192969 0.039062 0.076563
3 0.813281 0.699219 0.239063 0.273438