3 0.750781 0.510156 0.148438 0.276562
3 0.391406 0.404687 0.220312 0.293750
3 0.582812 0.417969 0.187500 0.323437
0 0.320312 0.219531 0.021875 0.114062
2 0.821094 0.421094 0.032813 0.135937
3 0.839844 0.337500 0.098437 0.156250
3 0.704688 0.325000 0.103125 0.187500
3 0.749219 0.262500 0.079687 0.137500
3 0.787500 0.220312 0.056250 0.112500
3 0.947656 0.239844 0.095312 0.085938
3 0.818750 0.092969 0.053125 0.035937
3 0.892969 0.096875 0.057813 0.037500
3 0.914844 0.119531 0.045312 0.032813
3 0.586719 0.264062 0.095312 0.103125
3 0.466406 0.288281 0.095312 0.154688