3 0.410938 0.400000 0.196875 0.259375
3 0.708594 0.210156 0.142187 0.129688
3 0.743750 0.517969 0.146875 0.289062
3 0.875781 0.112500 0.057813 0.056250
3 0.762500 0.107813 0.037500 0.050000
3 0.707812 0.119531 0.043750 0.048438
3 0.823438 0.155469 0.050000 0.076563
3 0.895312 0.160938 0.053125 0.087500
3 0.488281 0.191406 0.110937 0.120313
2 0.498437 0.247656 0.043750 0.098437
3 0.653125 0.142969 0.056250 0.060937
3 0.668750 0.158594 0.068750 0.064062
3 0.821875 0.342187 0.112500 0.190625
3 0.669531 0.321094 0.129688 0.182812
3 0.642188 0.257812 0.100000 0.112500
3 0.552344 0.326562 0.117188 0.162500
3 0.582031 0.451562 0.182812 0.228125