3 0.839063 0.331250 0.096875 0.178125
3 0.761719 0.457813 0.139063 0.225000
5 0.696875 0.285156 0.162500 0.285938
3 0.489063 0.190625 0.112500 0.118750
3 0.671875 0.134375 0.068750 0.071875
3 0.750781 0.108594 0.045312 0.054688
3 0.864844 0.131250 0.039062 0.056250
3 0.831250 0.158594 0.050000 0.079687
3 0.914844 0.117188 0.045312 0.050000
3 0.815625 0.190625 0.056250 0.096875
3 0.789062 0.210938 0.034375 0.093750
3 0.782813 0.264062 0.021875 0.143750
3 0.712500 0.121875 0.031250 0.050000
0 0.587500 0.122656 0.015625 0.057813
0 0.612500 0.123438 0.012500 0.059375
0 0.626563 0.125000 0.012500 0.059375