3 0.783594 0.471875 0.167187 0.284375
3 0.354687 0.506250 0.228125 0.265625
3 0.596094 0.510156 0.192188 0.276562
4 0.262500 0.361719 0.218750 0.254688
3 0.489844 0.191406 0.110937 0.120313
3 0.487500 0.342969 0.150000 0.167187
3 0.612500 0.339062 0.162500 0.178125
3 0.724219 0.272656 0.120313 0.157812
3 0.592187 0.200781 0.075000 0.117188
3 0.706250 0.123438 0.050000 0.059375
3 0.750781 0.112500 0.045312 0.056250
3 0.828125 0.126562 0.050000 0.068750
4 0.876563 0.119531 0.053125 0.114062
3 0.832812 0.087500 0.056250 0.034375
2 0.620313 0.143750 0.034375 0.062500