3 0.411719 0.400000 0.198437 0.262500
3 0.882031 0.098437 0.054688 0.037500
3 0.816406 0.106250 0.032813 0.031250
3 0.761719 0.107031 0.042188 0.048438
3 0.809375 0.132031 0.046875 0.054688
3 0.707812 0.123438 0.046875 0.056250
3 0.654687 0.144531 0.062500 0.064062
3 0.575781 0.160156 0.082812 0.104688
3 0.489063 0.191406 0.109375 0.117188
3 0.893750 0.155469 0.050000 0.076563
3 0.953906 0.234375 0.085938 0.100000
3 0.658594 0.246094 0.098437 0.104688
3 0.667969 0.321094 0.129688 0.182812
3 0.555469 0.321875 0.123438 0.156250
3 0.582812 0.451562 0.181250 0.228125
3 0.746875 0.514062 0.150000 0.300000