3 0.549219 0.464844 0.267188 0.292187
3 0.445312 0.196094 0.156250 0.154688
3 0.607031 0.161719 0.073438 0.079687
3 0.683594 0.128125 0.060937 0.075000
3 0.743750 0.107813 0.043750 0.053125
3 0.802344 0.142187 0.054688 0.081250
3 0.875781 0.152344 0.051562 0.079687
0 0.941406 0.633594 0.054688 0.267188
0 0.939844 0.603125 0.054688 0.278125
0 0.977344 0.684375 0.045312 0.290625
3 0.977344 0.235156 0.035937 0.070312
0 0.642969 0.116406 0.014063 0.060937
0 0.586719 0.121875 0.014063 0.043750
0 0.572656 0.130469 0.014063 0.048438