3 0.454688 0.410156 0.187500 0.217188
3 0.706250 0.534375 0.228125 0.384375
3 0.760938 0.107031 0.040625 0.048438
3 0.707031 0.121875 0.045312 0.053125
3 0.653906 0.143750 0.060937 0.062500
3 0.575781 0.172656 0.079687 0.079687
3 0.489844 0.192188 0.110937 0.118750
3 0.892969 0.154688 0.048438 0.075000
3 0.790625 0.201563 0.068750 0.096875
3 0.810156 0.260156 0.089063 0.145313
3 0.681250 0.210156 0.075000 0.095312
3 0.609375 0.269531 0.100000 0.129688
3 0.701562 0.317969 0.109375 0.173437
3 0.107813 0.806250 0.212500 0.387500
3 0.907813 0.819531 0.184375 0.360938