3 0.466406 0.575000 0.282813 0.384375
5 0.736719 0.239844 0.129688 0.239063
3 0.783594 0.436719 0.123438 0.217188
3 0.849219 0.293750 0.095312 0.165625
3 0.916406 0.109375 0.060937 0.046875
3 0.752344 0.107031 0.042188 0.048438
3 0.712500 0.118750 0.034375 0.046875
3 0.672656 0.132031 0.057813 0.073438
3 0.612500 0.155469 0.087500 0.092188
3 0.489844 0.190625 0.110937 0.118750
2 0.588281 0.403125 0.054688 0.187500
3 0.812500 0.208594 0.034375 0.101562
3 0.680469 0.203906 0.054688 0.110937
3 0.923438 0.231250 0.087500 0.100000
3 0.113281 0.646875 0.223438 0.359375
3 0.050781 0.866406 0.098437 0.267188