3 0.426563 0.385937 0.187500 0.231250
3 0.766406 0.453906 0.142187 0.226562
3 0.571875 0.466406 0.175000 0.245312
3 0.792188 0.094531 0.056250 0.054688
3 0.747656 0.107031 0.048438 0.060937
3 0.710156 0.124219 0.039062 0.054688
3 0.677344 0.140625 0.057813 0.062500
3 0.592969 0.169531 0.076563 0.082812
3 0.489844 0.192188 0.107813 0.118750
0 0.400000 0.168750 0.021875 0.084375
0 0.375781 0.178906 0.023438 0.073438
3 0.832031 0.350000 0.095312 0.159375
3 0.674219 0.346094 0.117188 0.185938
3 0.737500 0.289062 0.075000 0.131250