0 0.159751 0.447689 0.253112 0.690998
0 0.544260 0.482968 0.244813 0.805353
3 0.181881 0.248175 0.150761 0.218978
3 0.806362 0.474453 0.381743 0.520681
3 0.295989 0.225061 0.138313 0.211679
3 0.076763 0.257908 0.098202 0.253041
3 0.042877 0.271290 0.082988 0.294404
0 0.721992 0.491484 0.182573 0.836983
3 0.889350 0.221411 0.215768 0.253041
3 0.237898 0.237226 0.130014 0.226277
3 0.372061 0.225061 0.088520 0.182482
3 0.421853 0.195864 0.138313 0.201946
0 0.560858 0.458637 0.117566 0.819951
0 0.811203 0.495134 0.125864 0.673966
3 0.629322 0.197080 0.107884 0.160584