3 0.824219 0.335938 0.139063 0.178125
3 0.760156 0.423438 0.129688 0.268750
5 0.698438 0.285156 0.162500 0.289062
3 0.489844 0.190625 0.110937 0.118750
3 0.671875 0.134375 0.068750 0.068750
3 0.782813 0.264844 0.021875 0.135937
3 0.790625 0.214062 0.034375 0.100000
3 0.815625 0.190625 0.053125 0.100000
3 0.836719 0.155469 0.048438 0.082812
3 0.750781 0.106250 0.042188 0.050000
3 0.751563 0.146094 0.046875 0.029687
3 0.713281 0.121094 0.032813 0.048438
3 0.906250 0.119531 0.046875 0.039062
3 0.872656 0.098437 0.054688 0.031250
0 0.951562 0.826562 0.071875 0.346875
0 0.620313 0.119531 0.009375 0.057813
0 0.633594 0.121875 0.010937 0.059375