3 0.395313 0.404687 0.212500 0.275000
3 0.578125 0.390625 0.125000 0.240625
3 0.735938 0.475000 0.159375 0.293750
3 0.761719 0.107813 0.039062 0.050000
3 0.711719 0.123438 0.039062 0.056250
3 0.667188 0.138281 0.059375 0.085938
3 0.577344 0.160156 0.085938 0.107813
3 0.489063 0.190625 0.109375 0.118750
0 0.316406 0.182031 0.023438 0.095312
2 0.861719 0.130469 0.020313 0.054688
3 0.817187 0.239844 0.068750 0.092188
3 0.764062 0.274219 0.075000 0.126562
3 0.821875 0.366406 0.093750 0.220312
3 0.576562 0.309375 0.121875 0.150000