3 0.266667 0.786667 0.156667 0.346667
3 0.451667 0.917778 0.143333 0.164444
3 0.656250 0.821481 0.159167 0.357037
3 0.894583 0.865185 0.210833 0.269630
3 0.750000 0.628148 0.138333 0.242963
3 0.701667 0.434815 0.098333 0.164444
3 0.638750 0.333333 0.070833 0.112593
3 0.511667 0.045185 0.016667 0.028148
3 0.523333 0.062222 0.021667 0.035556
5 0.414583 0.037037 0.022500 0.050370
5 0.403333 0.060000 0.021667 0.048889
3 0.446250 0.048148 0.015833 0.025185
3 0.437500 0.058519 0.018333 0.031111
3 0.430417 0.071111 0.022500 0.035556
3 0.428750 0.092593 0.027500 0.040000
3 0.418750 0.107407 0.027500 0.034074
3 0.418750 0.134074 0.034167 0.045926
3 0.381250 0.102963 0.029167 0.040000
3 0.373750 0.126667 0.032500 0.037037
3 0.380417 0.151852 0.052500 0.063704
3 0.344167 0.168889 0.040000 0.053333
3 0.338333 0.204444 0.045000 0.071111
3 0.315833 0.251111 0.055000 0.090370
3 0.291667 0.325926 0.066667 0.091852
3 0.235833 0.428889 0.093333 0.143704
3 0.161250 0.585926 0.149167 0.274074
3 0.057500 0.891111 0.111667 0.211852
3 0.407500 0.165926 0.036667 0.050370
3 0.401667 0.200000 0.045000 0.077037
3 0.386667 0.255556 0.058333 0.120000
3 0.363333 0.354815 0.073333 0.155556
3 0.315833 0.509630 0.096667 0.180741
3 0.465000 0.066667 0.021667 0.029630
3 0.463750 0.089630 0.024167 0.042963
3 0.461250 0.123704 0.030833 0.048889
3 0.460000 0.167407 0.038333 0.062222
3 0.460833 0.228148 0.043333 0.074074
3 0.469167 0.297778 0.061667 0.124444
3 0.459167 0.431111 0.080000 0.151111
3 0.464167 0.611111 0.098333 0.211852
3 0.546250 0.124444 0.027500 0.047407
3 0.559583 0.140000 0.025833 0.054815
3 0.574167 0.164444 0.040000 0.082963
3 0.580417 0.191111 0.014167 0.065185
3 0.615000 0.233333 0.068333 0.149630
3 0.522500 0.219259 0.048333 0.085926
3 0.537917 0.274074 0.054167 0.106667
3 0.560000 0.347407 0.068333 0.134815
3 0.590417 0.497778 0.092500 0.168889
0 0.891250 0.318519 0.024167 0.103704
0 0.765833 0.214074 0.015000 0.066667
0 0.735833 0.146667 0.010000 0.059259