3 0.737750 0.755500 0.286000 0.167667
3 0.370250 0.729833 0.085500 0.073000
3 0.219500 0.742333 0.087000 0.069333
3 0.452250 0.737000 0.121500 0.087333
3 0.289125 0.733167 0.066750 0.060333
2 0.262375 0.688000 0.011750 0.026000
3 0.106250 0.719667 0.031500 0.034667
2 0.043250 0.718500 0.013000 0.029000
3 0.184125 0.706333 0.027250 0.026667
3 0.168625 0.696000 0.025250 0.023333
3 0.128000 0.710667 0.027000 0.028000
3 0.130750 0.698000 0.026000 0.020000
3 0.079250 0.709167 0.029500 0.027000
3 0.269375 0.709333 0.054750 0.026667