3 0.719271 0.693981 0.420833 0.595370
3 0.509375 0.616204 0.098958 0.293519
3 0.390365 0.556019 0.130729 0.162037
0 0.165885 0.575000 0.053646 0.214815
0 0.081771 0.556019 0.062500 0.191667
0 0.946875 0.503241 0.042708 0.169444
0 0.982292 0.505556 0.035417 0.172222
0 0.906771 0.507870 0.036458 0.171296
3 0.454948 0.506481 0.075521 0.090741
3 0.301823 0.492593 0.067187 0.120370
3 0.361458 0.483796 0.052083 0.086111
3 0.463542 0.475000 0.082292 0.070370
4 0.609635 0.406944 0.195312 0.204630
4 0.494010 0.427778 0.071354 0.064815