0 0.412550 0.481250 0.029372 0.087500
0 0.319259 0.269250 0.027704 0.085500
0 0.409212 0.290250 0.032043 0.077500
0 0.416389 0.096750 0.031709 0.088500
0 0.019693 0.282500 0.024700 0.088000
0 0.058244 0.254000 0.032377 0.085000
0 0.103638 0.319250 0.031709 0.079500
0 0.108311 0.418000 0.038385 0.090000
0 0.051903 0.456500 0.023698 0.092000
0 0.062250 0.439750 0.019693 0.081500
0 0.074933 0.499750 0.027036 0.089500
0 0.023198 0.546250 0.023698 0.081500
0 0.168224 0.506250 0.028037 0.090500
0 0.115988 0.558500 0.029039 0.084000
0 0.096963 0.596500 0.030374 0.080000
0 0.201936 0.614750 0.041389 0.087500
0 0.138685 0.776250 0.036382 0.101500
0 0.187583 0.733250 0.027370 0.086500
0 0.035047 0.797000 0.030708 0.091000
0 0.052737 0.900250 0.030708 0.082500
0 0.025200 0.960000 0.034379 0.078000
0 0.306575 0.901000 0.029039 0.087000
0 0.318425 0.863750 0.032710 0.094500
0 0.283712 0.730750 0.024700 0.093500
0 0.293558 0.704250 0.020360 0.090500
0 0.322096 0.701750 0.035381 0.096500
0 0.289052 0.507500 0.030040 0.087000
0 0.441255 0.478750 0.033378 0.093500
0 0.081442 0.216250 0.018692 0.082500
0 0.101469 0.160500 0.027370 0.082000
0 0.106809 0.219000 0.025367 0.086000
0 0.144025 0.195500 0.025701 0.080000
0 0.133344 0.132000 0.023698 0.078000
0 0.227637 0.090250 0.027370 0.077500
0 0.201769 0.105000 0.031041 0.081000
0 0.158378 0.156250 0.016355 0.088500
0 0.173899 0.168500 0.019359 0.075000
0 0.180240 0.229750 0.021362 0.074500
0 0.160381 0.246000 0.018358 0.068000
0 0.143858 0.296000 0.029372 0.090000
0 0.164720 0.306500 0.018358 0.083000
0 0.225634 0.233250 0.031375 0.081500
0 0.209780 0.216000 0.019693 0.089000
0 0.238151 0.165500 0.018358 0.073000
0 0.270194 0.163750 0.024366 0.085500
0 0.261348 0.225500 0.020027 0.076000
0 0.286883 0.170500 0.015020 0.084000
0 0.309413 0.177750 0.024032 0.084500
0 0.324599 0.131000 0.015688 0.075000
0 0.338117 0.191000 0.026035 0.077000
0 0.373331 0.206750 0.031041 0.096500
0 0.406375 0.203500 0.020360 0.089000
0 0.477136 0.206000 0.028371 0.078000
0 0.454272 0.086250 0.027370 0.076500
0 0.373498 0.082500 0.027370 0.074000
0 0.466288 0.043000 0.021362 0.073000
0 0.517356 0.088750 0.021362 0.076500
0 0.530874 0.112250 0.023698 0.076500
0 0.591455 0.095750 0.022029 0.074500
0 0.635013 0.090000 0.021028 0.077000
0 0.650367 0.107750 0.024366 0.070500
0 0.667223 0.058250 0.016689 0.069500
0 0.682410 0.071000 0.018358 0.065000
0 0.704105 0.059500 0.019693 0.071000
0 0.664052 0.193500 0.018358 0.083000
0 0.692757 0.222500 0.025033 0.085000
0 0.604473 0.193250 0.019359 0.077500
0 0.568925 0.173000 0.020360 0.064000
0 0.517190 0.168500 0.016355 0.077000
0 0.535381 0.202250 0.018692 0.077500
0 0.550234 0.220500 0.020360 0.080000
0 0.601969 0.347750 0.029706 0.091500
0 0.630674 0.435250 0.031709 0.083500
0 0.646195 0.417250 0.020694 0.080500
0 0.651535 0.366250 0.022697 0.075500
0 0.676068 0.378250 0.025033 0.086500
0 0.723965 0.080750 0.020027 0.081500
0 0.730140 0.138250 0.017023 0.071500
0 0.730474 0.217500 0.022363 0.075000
0 0.751001 0.254000 0.021362 0.075000
0 0.828271 0.278250 0.022363 0.091500
0 0.891021 0.267000 0.027036 0.080000
0 0.771195 0.366000 0.025701 0.082000
0 0.792724 0.345500 0.024700 0.083000
0 0.749666 0.400000 0.022029 0.082000
0 0.757844 0.420250 0.025033 0.088500
0 0.964286 0.370750 0.039386 0.093500
0 0.884680 0.510250 0.025701 0.092500
0 0.853638 0.528250 0.027036 0.090500
0 0.758178 0.597750 0.028371 0.081500
0 0.689419 0.541500 0.025033 0.084000
0 0.959279 0.627500 0.027370 0.084000
0 0.902036 0.596250 0.023031 0.092500
0 0.863485 0.839250 0.026035 0.083500
0 0.814586 0.883250 0.028371 0.098500
0 0.692089 0.841000 0.029706 0.102000
0 0.645360 0.809500 0.021696 0.098000
0 0.532377 0.745750 0.026702 0.087500
0 0.492657 0.780500 0.032710 0.101000
0 0.387183 0.803000 0.028705 0.092000
0 0.955774 0.758000 0.030374 0.083000
0 0.910381 0.717500 0.034379 0.081000
0 0.863985 0.691750 0.022363 0.079500
0 0.807076 0.664750 0.045394 0.091500
0 0.733812 0.584500 0.035047 0.085000
0 0.644860 0.659250 0.034713 0.107500
0 0.614653 0.668500 0.029039 0.088000
0 0.592623 0.665000 0.016355 0.081000
0 0.582443 0.687750 0.024700 0.076500
0 0.501335 0.947000 0.040053 0.100000
0 0.417891 0.957250 0.023364 0.085500
0 0.956609 0.169750 0.024032 0.073500
0 0.846629 0.140500 0.021696 0.078000
0 0.782043 0.220750 0.022029 0.069500
0 0.817924 0.086500 0.019025 0.068000
0 0.757009 0.116250 0.017356 0.083500
0 0.937750 0.112000 0.022363 0.076000
0 0.910547 0.080000 0.021362 0.073000
0 0.863151 0.044250 0.018692 0.067500
0 0.874666 0.122500 0.021696 0.070000
0 0.789219 0.779500 0.025033 0.087000
0 0.758344 0.847500 0.035381 0.087000
0 0.655708 0.918000 0.045060 0.090000
0 0.371996 0.446500 0.021028 0.079000
0 0.353638 0.464250 0.030374 0.080500