3 0.702930 0.541566 0.241797 0.407229
3 0.180273 0.525000 0.207422 0.254819
3 0.500000 0.380723 0.171875 0.234940
3 0.286914 0.643373 0.227734 0.263855
3 0.397461 0.504217 0.169141 0.248193
3 0.490234 0.873494 0.304688 0.242169
3 0.863867 0.354217 0.144141 0.197590
3 0.579883 0.256928 0.153516 0.174096
3 0.660742 0.162952 0.146484 0.192169
3 0.374414 0.281627 0.137891 0.178916
3 0.767969 0.103916 0.116406 0.146386
3 0.807227 0.052711 0.108984 0.104217
3 0.186328 0.085241 0.139844 0.153614
3 0.772461 0.435542 0.158203 0.271084
3 0.859766 0.217771 0.152344 0.168072
3 0.922461 0.168373 0.112891 0.158434
3 0.962305 0.103916 0.075391 0.137952
3 0.098047 0.867169 0.195312 0.265663