3 0.098242 0.950980 0.196094 0.098039
3 0.914941 0.830576 0.170117 0.262255
3 0.369434 0.885570 0.170508 0.228860
3 0.108789 0.851869 0.192188 0.182292
3 0.654004 0.684896 0.139648 0.200674
3 0.825879 0.589154 0.134180 0.159314
3 0.955957 0.376532 0.088086 0.126225
3 0.455664 0.753676 0.148047 0.161765
3 0.501172 0.488205 0.117188 0.146140
3 0.812500 0.497396 0.116016 0.154105
3 0.311328 0.587929 0.128125 0.150735
3 0.917090 0.723499 0.150586 0.139400
3 0.420898 0.312500 0.085547 0.107843
3 0.334473 0.480545 0.107617 0.128370
3 0.396289 0.383578 0.093359 0.111520
3 0.205078 0.744179 0.163281 0.194240
3 0.436914 0.260110 0.073828 0.111520
3 0.471973 0.228401 0.059180 0.087929
3 0.494238 0.206189 0.049805 0.063113
3 0.581836 0.242341 0.064844 0.083946
3 0.060156 0.433517 0.110156 0.128676
3 0.119727 0.390625 0.093359 0.111520
3 0.223047 0.281250 0.085547 0.130515
3 0.148047 0.275429 0.065625 0.093137
3 0.095117 0.302083 0.078125 0.087010
3 0.035352 0.365809 0.070312 0.091912
3 0.027344 0.273897 0.053516 0.082108
3 0.139258 0.206189 0.065625 0.085172
3 0.214551 0.191330 0.054883 0.065257
3 0.282910 0.223039 0.070508 0.098652
3 0.325098 0.203278 0.046680 0.067096
3 0.258301 0.194853 0.049023 0.064338
3 0.361914 0.187960 0.042188 0.052390
3 0.377246 0.144455 0.024414 0.030331
3 0.412598 0.149969 0.021680 0.024203
3 0.357227 0.133425 0.021484 0.026654
3 0.388379 0.137561 0.020508 0.025735
3 0.648535 0.541360 0.110742 0.149510
3 0.646777 0.431373 0.103320 0.143382
3 0.706348 0.349571 0.092383 0.112132
3 0.637891 0.306985 0.080078 0.115809
3 0.653906 0.207721 0.062500 0.061275
3 0.717480 0.213542 0.052539 0.072304
3 0.760938 0.285080 0.083594 0.084252
3 0.832031 0.205729 0.058594 0.081801
0 0.896289 0.204504 0.015625 0.076900
3 0.956348 0.208487 0.087305 0.066483
3 0.799414 0.193168 0.034766 0.055453
3 0.872070 0.206342 0.038281 0.068321
3 0.963770 0.427696 0.072461 0.078431
3 0.961328 0.489277 0.077344 0.109069
3 0.897852 0.548713 0.150391 0.150123
3 0.805469 0.434589 0.098047 0.078125
3 0.788867 0.413909 0.096484 0.121936
3 0.829102 0.380208 0.098828 0.113358
3 0.555957 0.337776 0.089258 0.144301
3 0.534277 0.286765 0.079102 0.108456
3 0.777344 0.321078 0.079297 0.094975
3 0.880859 0.699908 0.145703 0.178615
3 0.555176 0.214154 0.056055 0.054534
3 0.100488 0.206955 0.031445 0.065870
3 0.189453 0.239124 0.058594 0.078738