3 0.709635 0.792593 0.270833 0.414815
3 0.295964 0.807407 0.154948 0.220370
3 0.350521 0.646065 0.162500 0.252315
3 0.181641 0.306019 0.067448 0.118519
3 0.402344 0.363426 0.099479 0.101852
3 0.628255 0.513194 0.124219 0.167130
3 0.663411 0.603009 0.138802 0.193981
3 0.609505 0.405093 0.089844 0.133333
3 0.358724 0.545370 0.143490 0.118519
3 0.799479 0.469907 0.119792 0.176852
3 0.258984 0.298843 0.023177 0.065278
3 0.036068 0.388426 0.071615 0.131481
3 0.233984 0.304398 0.050260 0.069907
3 0.593099 0.365972 0.077344 0.114352
3 0.400521 0.411343 0.108854 0.139352
5 0.564844 0.308796 0.086458 0.173148
3 0.362109 0.490741 0.123177 0.106481
3 0.385547 0.469213 0.113281 0.160648
4 0.431641 0.311806 0.104948 0.229167
3 0.055599 0.369444 0.073177 0.129630
3 0.097526 0.343750 0.075781 0.131019
3 0.014844 0.305556 0.028646 0.056481
3 0.030729 0.295833 0.048958 0.046296
3 0.061589 0.294213 0.041927 0.043056
3 0.140365 0.310185 0.032813 0.072222
3 0.329036 0.293056 0.022656 0.042593
3 0.299740 0.275694 0.022917 0.034722