3 0.632292 0.800000 0.189583 0.270370
3 0.328385 0.725694 0.170313 0.235648
3 0.365755 0.618981 0.146094 0.210185
4 0.461849 0.272685 0.065885 0.157407
3 0.379557 0.558565 0.142448 0.199537
3 0.599219 0.490509 0.103125 0.159722
3 0.368750 0.467593 0.119271 0.130556
3 0.654036 0.510185 0.137760 0.142593
3 0.199219 0.307407 0.050000 0.095370
3 0.448828 0.317824 0.057552 0.104167
3 0.435156 0.334954 0.062500 0.107870
3 0.401302 0.378704 0.099479 0.166667
3 0.658464 0.643056 0.149219 0.205556
4 0.632812 0.353241 0.131250 0.208333
3 0.704818 0.324074 0.049740 0.111111
3 0.565234 0.346528 0.045573 0.106944
4 0.550130 0.299074 0.058594 0.106481
3 0.158724 0.314815 0.060677 0.110185
3 0.128646 0.331019 0.065625 0.105556
3 0.081901 0.347454 0.074740 0.113426
3 0.034115 0.392361 0.067708 0.129167
3 0.014323 0.423843 0.028125 0.132870
3 0.219531 0.294213 0.060937 0.101389
3 0.257682 0.289120 0.036198 0.078241