0 0.071094 0.775463 0.058854 0.428704
0 0.276042 0.695833 0.029167 0.217593
0 0.172396 0.759722 0.091667 0.447222
0 0.344792 0.667593 0.042708 0.238889
0 0.041927 0.772222 0.073438 0.431481
0 0.402865 0.685185 0.033854 0.177778
0 0.641667 0.682870 0.035417 0.215741
0 0.623958 0.657407 0.020833 0.133333
0 0.298698 0.621759 0.039062 0.121296
0 0.380990 0.675463 0.026562 0.167593
0 0.592448 0.661574 0.018229 0.121296
5 0.592187 0.636111 0.062500 0.133333
0 0.554167 0.643981 0.017708 0.099074
0 0.435937 0.663426 0.022917 0.125000
0 0.455469 0.666667 0.019271 0.096296