3 0.300983 0.459967 0.184275 0.063725
0 0.601966 0.392157 0.024570 0.045752
0 0.512285 0.374183 0.022113 0.045752
0 0.450860 0.388889 0.022113 0.042484
0 0.657248 0.434641 0.022113 0.045752
0 0.694103 0.458333 0.036855 0.050654
0 0.383292 0.558007 0.063882 0.060458
0 0.458231 0.647876 0.041769 0.066993
0 0.633907 0.587418 0.039312 0.066993
0 0.497543 0.552288 0.036855 0.052288
0 0.442260 0.535948 0.034398 0.058824
0 0.281327 0.514706 0.041769 0.062092
0 0.180590 0.453431 0.046683 0.050654
0 0.847666 0.410131 0.029484 0.049020
0 0.754300 0.373366 0.029484 0.040850
0 0.721130 0.354575 0.027027 0.042484
0 0.659705 0.339869 0.027027 0.029412
0 0.556511 0.391340 0.036855 0.044118
0 0.276413 0.656046 0.051597 0.063725
0 0.813268 0.862745 0.083538 0.084967
3 0.346437 0.736928 0.157248 0.150327
3 0.547912 0.672386 0.122850 0.129085
3 0.595823 0.832516 0.253071 0.151961
3 0.255528 0.898693 0.314496 0.169935
3 0.407862 0.943627 0.339066 0.112745
2 0.197789 0.806373 0.159705 0.089869
2 0.208845 0.843954 0.147420 0.083333
3 0.857494 0.785131 0.255528 0.181373
3 0.869779 0.662582 0.186732 0.119281
3 0.351351 0.612745 0.186732 0.111111
3 0.082310 0.506536 0.159705 0.049020
3 0.178133 0.545752 0.159705 0.058824
3 0.335381 0.384804 0.154791 0.060458
3 0.491400 0.350490 0.103194 0.047386
3 0.652334 0.375000 0.071253 0.047386
0 0.404177 0.526144 0.031941 0.055556
1 0.577396 0.562092 0.103194 0.062092
2 0.675676 0.539216 0.093366 0.058824
0 0.739558 0.491830 0.024570 0.052288
2 0.958231 0.415033 0.049140 0.052288
3 0.947174 0.384804 0.105651 0.057190
0 0.299754 0.422386 0.034398 0.034314
3 0.958231 0.703431 0.083538 0.112745
3 0.485258 0.285948 0.066339 0.035948
3 0.420147 0.264706 0.083538 0.039216
3 0.683047 0.315359 0.088452 0.045752
3 0.425061 0.228758 0.063882 0.039216
0 0.459459 0.572712 0.034398 0.060458
0 0.985258 0.794935 0.029484 0.076797