3 0.665000 0.831452 0.135714 0.165054
3 0.742857 0.663978 0.126429 0.156989
3 0.455893 0.931989 0.151786 0.136022
3 0.949643 0.930645 0.099286 0.138710
3 0.440357 0.722581 0.106429 0.165591
3 0.399107 0.633871 0.083214 0.112903
3 0.389821 0.553763 0.076786 0.105376
3 0.386429 0.500269 0.057143 0.052151
3 0.367857 0.471237 0.055714 0.066129
3 0.359107 0.424194 0.048929 0.064516
3 0.370714 0.392204 0.037857 0.054301
3 0.351250 0.368011 0.034643 0.047849
3 0.361250 0.327688 0.033929 0.042473
3 0.399464 0.302957 0.029643 0.033871
3 0.453571 0.311290 0.027143 0.033333
3 0.468036 0.333065 0.031786 0.038172
3 0.420179 0.336022 0.039643 0.061290
3 0.447321 0.420161 0.048929 0.054301
3 0.511071 0.386828 0.041429 0.051075
3 0.469464 0.452688 0.054643 0.062366
3 0.477857 0.496774 0.060714 0.070968
3 0.511429 0.552688 0.065000 0.092473
3 0.559107 0.647043 0.089643 0.123118
3 0.541429 0.419624 0.047857 0.058602
3 0.560179 0.465054 0.051071 0.072043
3 0.609821 0.533333 0.072500 0.086022