3 0.080750 0.326531 0.158500 0.166667
3 0.237250 0.452381 0.162500 0.181973
3 0.068000 0.423895 0.134000 0.152211
3 0.080000 0.553146 0.156000 0.187925
3 0.952000 0.318878 0.096000 0.190476
0 0.573500 0.076531 0.028000 0.113946
0 0.910250 0.199830 0.035500 0.134354
0 0.881000 0.321003 0.030000 0.133503
0 0.812250 0.437500 0.033500 0.172619
0 0.792500 0.404762 0.020000 0.139456
0 0.772500 0.210459 0.022000 0.143707
0 0.735500 0.254252 0.028000 0.163265
0 0.675500 0.261905 0.027000 0.125850
0 0.598500 0.283163 0.026000 0.122449
0 0.580500 0.267432 0.022000 0.143707
0 0.481250 0.331207 0.021500 0.136905
2 0.888250 0.565901 0.075500 0.157313
0 0.712250 0.435799 0.027500 0.172619
0 0.616250 0.610969 0.033500 0.155612
0 0.614750 0.515306 0.026500 0.110544
0 0.634250 0.444728 0.030500 0.120748
0 0.617000 0.375000 0.025000 0.110544
0 0.654250 0.345238 0.026500 0.137755
0 0.554750 0.426871 0.028500 0.147959
0 0.502750 0.471088 0.027500 0.129252
0 0.505000 0.596939 0.028000 0.141156
0 0.458750 0.531037 0.025500 0.133503
0 0.383500 0.417092 0.023000 0.087585
0 0.356750 0.445578 0.028500 0.078231
0 0.418250 0.614371 0.026500 0.133503
0 0.318000 0.740646 0.030000 0.161565
0 0.290750 0.712585 0.019500 0.154762
0 0.282500 0.589711 0.024000 0.118197
0 0.344250 0.634354 0.020500 0.124150
0 0.362500 0.598639 0.022000 0.139456
0 0.316000 0.540391 0.024000 0.099490
0 0.406000 0.541241 0.021000 0.092687
0 0.437500 0.536139 0.024000 0.135204
0 0.227750 0.713861 0.027500 0.150510
0 0.199500 0.746173 0.030000 0.143707
0 0.143750 0.730442 0.029500 0.141156
0 0.079000 0.755952 0.028000 0.142857
0 0.223250 0.615646 0.025500 0.120748
0 0.155750 0.650085 0.025500 0.106293
0 0.139000 0.600765 0.024000 0.155612
0 0.060500 0.602466 0.032000 0.142007
0 0.029500 0.604167 0.026000 0.133503
0 0.038250 0.676446 0.027500 0.131803