3 0.068778 0.599000 0.136807 0.202000
3 0.332459 0.568250 0.143178 0.145500
3 0.922601 0.526750 0.089580 0.106500
0 0.434220 0.609000 0.072339 0.263000
3 0.714393 0.532000 0.134183 0.097000
3 0.533733 0.568250 0.135682 0.144500
3 0.235570 0.550750 0.097076 0.114500
3 0.145427 0.552500 0.071214 0.086000
3 0.767991 0.514000 0.060720 0.066000
3 0.837519 0.495500 0.094828 0.050000
3 0.598013 0.522000 0.061094 0.072000
3 0.379685 0.529750 0.078711 0.087500
4 0.970577 0.471000 0.058846 0.314000
3 0.489130 0.530500 0.068216 0.092000