3 0.648828 0.848005 0.304688 0.282864
0 0.322852 0.518192 0.025391 0.123239
3 0.706055 0.102993 0.208984 0.144953
0 0.965820 0.597124 0.040234 0.180164
3 0.300000 0.650528 0.253906 0.251761
0 0.834570 0.458920 0.037891 0.174883
0 0.852930 0.597418 0.044141 0.171362
3 0.274023 0.246185 0.176172 0.157864
3 0.717578 0.528462 0.261719 0.254108
0 0.486523 0.634683 0.048047 0.178991
0 0.923828 0.595364 0.040625 0.170775
0 0.895898 0.488263 0.032422 0.166667
0 0.343750 0.509977 0.035156 0.146714
3 0.148438 0.451878 0.207813 0.204225
3 0.095508 0.272887 0.167578 0.185446
3 0.649023 0.651995 0.255078 0.248826
3 0.405273 0.485035 0.226172 0.227113
3 0.248633 0.379988 0.181641 0.198944
0 0.073047 0.503228 0.031250 0.167254
0 0.099414 0.531397 0.044922 0.176643
0 0.163281 0.546068 0.033594 0.167254
0 0.152344 0.532277 0.024219 0.163146
0 0.211523 0.500293 0.031641 0.101526
0 0.438086 0.678991 0.030078 0.184272
0 0.386914 0.734742 0.032422 0.180751
0 0.492383 0.675469 0.039453 0.166667
0 0.454297 0.620012 0.030469 0.156690
0 0.489258 0.531690 0.030078 0.096244
0 0.525195 0.575704 0.033203 0.187793
0 0.494336 0.482394 0.029297 0.077465
0 0.557617 0.517312 0.025391 0.096831
0 0.602734 0.450704 0.045312 0.160798
0 0.689063 0.395540 0.029687 0.064554
0 0.740625 0.586268 0.035937 0.150235
0 0.605078 0.661678 0.032813 0.103873
0 0.634766 0.659331 0.028906 0.096831
0 0.809180 0.746185 0.047266 0.198944
0 0.801367 0.605047 0.037109 0.170188
0 0.746680 0.944249 0.041797 0.111502
0 0.786914 0.959800 0.036328 0.080399
0 0.323047 0.835094 0.058594 0.213615
0 0.461914 0.881749 0.037109 0.195423
0 0.440234 0.898474 0.039062 0.198357
0 0.209375 0.768486 0.035937 0.187207
0 0.252539 0.783744 0.046484 0.181338
0 0.255273 0.836268 0.037109 0.118545
0 0.140234 0.746772 0.039062 0.133216
3 0.488086 0.372066 0.233203 0.251174