0 0.464637 0.334808 0.041257 0.168142
0 0.493124 0.207965 0.043222 0.162242
0 0.978389 0.150442 0.039293 0.141593
0 0.375246 0.812684 0.090373 0.227139
0 0.649312 0.762537 0.053045 0.221239
0 0.877210 0.812684 0.064833 0.250737
0 0.217092 0.340708 0.045187 0.179941
0 0.191552 0.358407 0.045187 0.156342
0 0.715128 0.910029 0.078585 0.174041
0 0.794695 0.914454 0.068762 0.171091
0 0.750491 0.884956 0.055010 0.224189
1 0.600196 0.219764 0.096267 0.179941
1 0.861493 0.221239 0.131631 0.171091
1 0.876228 0.181416 0.117878 0.168142
2 0.203340 0.747788 0.170923 0.256637
0 0.068762 0.566372 0.058939 0.194690
1 0.457760 0.238938 0.066798 0.135693
0 0.252456 0.227139 0.049116 0.159292
0 0.218075 0.131268 0.027505 0.109145
0 0.240668 0.087021 0.025540 0.103245
1 0.220039 0.635693 0.212181 0.209440
2 0.531434 0.414454 0.084479 0.132743
2 0.700393 0.154867 0.084479 0.132743