2 0.769271 0.271296 0.042708 0.100000
2 0.953125 0.146759 0.008333 0.030556
2 0.973177 0.142130 0.005729 0.025000
2 0.912500 0.238889 0.021875 0.075926
2 0.699740 0.212037 0.031771 0.062963
2 0.529427 0.247685 0.024479 0.069444
0 0.464062 0.194444 0.008333 0.031481
2 0.224740 0.344907 0.033854 0.056481
0 0.454688 0.197685 0.009375 0.036111
3 0.394271 0.197685 0.020833 0.030556
3 0.457292 0.175000 0.019792 0.024074
3 0.440104 0.290278 0.055208 0.089815
3 0.650260 0.291204 0.121354 0.149074
3 0.753646 0.237500 0.080208 0.091667