2 0.891406 0.264815 0.046354 0.105556
2 0.855729 0.225926 0.035417 0.074074
2 0.809635 0.206944 0.035937 0.073148
2 0.479948 0.226389 0.017188 0.052778
2 0.483854 0.209259 0.014583 0.048148
2 0.389844 0.247222 0.015104 0.046296
2 0.420052 0.209722 0.011979 0.039815
3 0.383594 0.209722 0.021354 0.030556
3 0.363542 0.211574 0.014583 0.023148
3 0.416406 0.194907 0.019271 0.028704
3 0.456771 0.177315 0.020833 0.028704
3 0.363542 0.211574 0.014583 0.023148
3 0.364323 0.270833 0.051562 0.052778
5 0.038281 0.568981 0.075521 0.176852
2 0.136198 0.491667 0.057813 0.101852
2 0.154948 0.559722 0.060937 0.136111
3 0.921094 0.155093 0.036979 0.047222
0 0.710677 0.152778 0.006771 0.040741