4 0.399740 0.260648 0.167187 0.173148
3 0.887760 0.242130 0.073438 0.102778
4 0.051562 0.598148 0.102083 0.262963
4 0.901563 0.164352 0.060417 0.052778
4 0.988802 0.137500 0.022396 0.052778
3 0.975521 0.160185 0.019792 0.038889
3 0.988542 0.184259 0.022917 0.051852
2 0.914323 0.206019 0.018229 0.058333
2 0.815365 0.169907 0.021354 0.045370
2 0.358073 0.200000 0.006771 0.018519
4 0.433854 0.177778 0.032292 0.040741
3 0.456250 0.174537 0.015625 0.023148
0 0.035677 0.453704 0.009896 0.038889
0 0.030990 0.452315 0.008854 0.039815