3 0.586198 0.322222 0.127604 0.142593
2 0.773958 0.216667 0.033333 0.077778
2 0.847917 0.218056 0.034375 0.069444
2 0.858594 0.359722 0.066146 0.149074
2 0.788542 0.197222 0.031250 0.062963
2 0.573438 0.234722 0.038542 0.062037
2 0.554948 0.202778 0.018229 0.048148
3 0.627083 0.206019 0.075000 0.056481
3 0.452604 0.176389 0.021875 0.026852
5 0.355729 0.194907 0.022917 0.036111
2 0.375521 0.195833 0.007292 0.017593
2 0.388281 0.192593 0.006771 0.016667
0 0.397396 0.222222 0.008333 0.037037
0 0.386719 0.225926 0.008854 0.035185
0 0.526042 0.175926 0.007292 0.033333
0 0.712500 0.150463 0.011458 0.036111
1 0.982292 0.218056 0.015625 0.060185