3 0.635417 0.354630 0.145833 0.146296
4 0.479687 0.192130 0.051042 0.078704
3 0.450260 0.198611 0.019271 0.034259
2 0.395313 0.212500 0.010417 0.032407
2 0.371615 0.220833 0.008854 0.028704
0 0.364063 0.243056 0.011458 0.045370
3 0.972917 0.155093 0.027083 0.056481
3 0.835938 0.189815 0.066667 0.055556
2 0.914062 0.175463 0.016667 0.045370
2 0.925521 0.157407 0.008333 0.035185
2 0.951302 0.155556 0.009896 0.033333
0 0.508854 0.179167 0.007292 0.034259
0 0.333333 0.256944 0.009375 0.039815
0 0.320833 0.243981 0.006250 0.032407