2 0.181771 0.422222 0.045833 0.092593
2 0.716927 0.189352 0.026562 0.058333
2 0.941667 0.168056 0.010417 0.036111
2 0.707292 0.162037 0.020833 0.038889
2 0.613802 0.200463 0.026562 0.043519
2 0.521094 0.188889 0.014063 0.033333
2 0.410677 0.215278 0.009896 0.032407
2 0.358333 0.200926 0.006250 0.016667
3 0.394792 0.197222 0.015625 0.022222
5 0.448177 0.191204 0.051562 0.073148
1 0.926302 0.276389 0.030729 0.093519
0 0.510417 0.179167 0.007292 0.028704
0 0.522135 0.175000 0.006771 0.027778
0 0.326562 0.254167 0.008333 0.028704