3 0.773177 0.241204 0.106771 0.113889
3 0.344010 0.292130 0.063021 0.060185
3 0.399219 0.236111 0.043229 0.061111
2 0.405208 0.299537 0.043750 0.076852
2 0.450260 0.268519 0.027604 0.075926
2 0.840365 0.214352 0.033854 0.073148
2 0.863802 0.164352 0.021354 0.049074
2 0.992448 0.193981 0.015104 0.047222
0 0.492708 0.184259 0.008333 0.033333
0 0.517448 0.173611 0.005729 0.032407
0 0.320052 0.239815 0.007812 0.031481
0 0.309635 0.345833 0.022396 0.075000
4 0.453385 0.188426 0.059896 0.084259
4 0.376302 0.189352 0.026562 0.034259
4 0.324740 0.206944 0.016146 0.037963