2 0.170313 0.512037 0.060417 0.120370
2 0.375781 0.433796 0.074479 0.119444
2 0.838281 0.364352 0.061979 0.143519
2 0.924740 0.204167 0.020313 0.075000
2 0.885677 0.175463 0.019271 0.045370
2 0.862500 0.163426 0.015625 0.036111
3 0.890885 0.171296 0.041146 0.044444
2 0.682552 0.187963 0.029687 0.053704
2 0.382552 0.202778 0.009896 0.022222
2 0.364583 0.203241 0.007292 0.021296
4 0.350781 0.193981 0.011979 0.026852
3 0.452865 0.176852 0.022396 0.025926
0 0.720833 0.139815 0.006250 0.033333
0 0.710677 0.139352 0.005729 0.032407
0 0.619531 0.156944 0.007812 0.036111