3 0.933854 0.288889 0.113542 0.159259
3 0.767448 0.226852 0.075521 0.094444
3 0.534115 0.279630 0.084896 0.098148
3 0.647396 0.254630 0.092708 0.092593
2 0.157812 0.434259 0.051042 0.090741
3 0.033073 0.503704 0.063021 0.118519
2 0.090885 0.431944 0.035937 0.069444
2 0.293490 0.343056 0.045312 0.084259
3 0.358854 0.300463 0.102083 0.095370
3 0.408854 0.251389 0.044792 0.063889
0 0.181771 0.701852 0.062500 0.190741
2 0.516927 0.205556 0.019271 0.050000
2 0.484115 0.243981 0.021354 0.069444
2 0.501042 0.255556 0.031250 0.072222
4 0.621354 0.155556 0.075000 0.066667
3 0.690885 0.193519 0.071354 0.051852
3 0.580469 0.224074 0.057813 0.062963
2 0.852865 0.224537 0.031771 0.076852
3 0.918490 0.194907 0.041146 0.060185
2 0.721354 0.856019 0.179167 0.287963