2 0.643750 0.578704 0.119792 0.216667
2 0.039583 0.477315 0.028125 0.058333
2 0.548958 0.242593 0.036458 0.064815
2 0.708073 0.206944 0.033854 0.065741
2 0.919531 0.197685 0.018229 0.054630
2 0.841927 0.222222 0.035937 0.070370
2 0.877604 0.163889 0.014583 0.038889
2 0.964323 0.154630 0.010937 0.038889
2 0.938021 0.156019 0.009375 0.041667
0 0.978385 0.160648 0.006771 0.039815
0 0.902083 0.156481 0.007292 0.037037
1 0.825000 0.331481 0.046875 0.125926
5 0.459375 0.218056 0.059375 0.130556
0 0.326302 0.247222 0.006771 0.029630
2 0.396875 0.200463 0.007292 0.023148
2 0.356771 0.209259 0.006250 0.024074
2 0.363021 0.200000 0.006250 0.018519
0 0.611198 0.146759 0.005729 0.034259
0 0.569531 0.166667 0.006771 0.031481
0 0.582552 0.161574 0.006771 0.034259