2 0.143750 0.490278 0.066667 0.152778
2 0.092188 0.454630 0.038542 0.074074
2 0.013281 0.527315 0.023438 0.071296
2 0.505469 0.229630 0.021354 0.062963
2 0.795052 0.226852 0.018229 0.072222
2 0.936719 0.171759 0.014063 0.037963
1 0.964844 0.241667 0.019271 0.079630
2 0.468750 0.184259 0.011458 0.027778
1 0.433333 0.189352 0.008333 0.021296
0 0.448437 0.199074 0.006250 0.037037
5 0.389583 0.192593 0.033333 0.051852
3 0.453385 0.175926 0.022396 0.025926
3 0.357292 0.198148 0.011458 0.016667
0 0.086979 0.407407 0.015625 0.051852
3 0.856510 0.170833 0.055729 0.047222
0 0.791146 0.150463 0.008333 0.034259