3 0.939583 0.190741 0.045833 0.079630
3 0.857552 0.225000 0.080729 0.094444
3 0.172396 0.388889 0.090625 0.090741
3 0.033333 0.481944 0.056250 0.071296
3 0.452865 0.175463 0.022396 0.025000
3 0.364583 0.200000 0.009375 0.018519
0 0.373958 0.369444 0.029167 0.101852
0 0.485677 0.187037 0.006771 0.031481
0 0.320833 0.263426 0.008333 0.039815
0 0.896354 0.151852 0.006250 0.031481
0 0.834635 0.139352 0.007812 0.034259
0 0.827865 0.141667 0.006771 0.035185
2 0.539062 0.178241 0.017708 0.034259
2 0.448958 0.206481 0.012500 0.038889
2 0.373437 0.200463 0.006250 0.019444
4 0.394010 0.189352 0.039062 0.054630
4 0.369271 0.189352 0.013542 0.032407
4 0.354427 0.203704 0.019271 0.046296
2 0.032552 0.502778 0.036979 0.062963