3 0.142187 0.539815 0.159375 0.201852
4 0.464583 0.225926 0.068750 0.157407
4 0.978646 0.169444 0.042708 0.081481
4 0.378385 0.188426 0.028646 0.036111
2 0.587240 0.189352 0.021354 0.052778
2 0.673438 0.333796 0.055208 0.130556
2 0.814323 0.228704 0.036979 0.079630
3 0.688021 0.162500 0.045833 0.041667
2 0.301042 0.330556 0.037500 0.072222
2 0.050260 0.484722 0.034896 0.073148
0 0.303385 0.304167 0.011979 0.034259
0 0.362500 0.239352 0.008333 0.039815
0 0.322135 0.242593 0.007812 0.031481
3 0.420052 0.218056 0.023438 0.036111
3 0.397656 0.206481 0.023438 0.042593
2 0.379948 0.200000 0.008854 0.024074
0 0.603906 0.150463 0.006771 0.030556
2 0.946094 0.163426 0.010937 0.039815
0 0.805208 0.152778 0.009375 0.037037