3 0.880469 0.379630 0.147396 0.155556
5 0.259896 0.389815 0.248958 0.333333
1 0.601302 0.474074 0.095312 0.188889
1 0.931510 0.513889 0.075521 0.203704
2 0.035937 0.506944 0.038542 0.054630
5 0.127865 0.389352 0.072396 0.080556
5 0.147135 0.419444 0.100521 0.101852
2 0.964844 0.154167 0.008854 0.032407
2 0.936979 0.207870 0.016667 0.054630
2 0.905990 0.172222 0.015104 0.044444
3 0.990885 0.174074 0.018229 0.051852
2 0.690885 0.255093 0.042188 0.082407
3 0.695573 0.190741 0.055729 0.050000
2 0.465104 0.204167 0.011458 0.037963
2 0.453385 0.196759 0.010937 0.032407
3 0.372135 0.203704 0.015104 0.020370
2 0.380990 0.193981 0.006771 0.017593
0 0.954688 0.166667 0.009375 0.037037
0 0.617969 0.147685 0.006771 0.034259
0 0.631510 0.144907 0.006771 0.032407
0 0.611198 0.144907 0.006771 0.034259