3 0.112760 0.528704 0.160938 0.198148
3 0.339844 0.385648 0.115104 0.128704
3 0.415885 0.293519 0.083854 0.081481
1 0.396094 0.234259 0.014063 0.040741
3 0.972396 0.279630 0.055208 0.133333
2 0.985156 0.153241 0.007812 0.032407
2 0.954427 0.155093 0.010937 0.036111
2 0.924479 0.160185 0.013542 0.037037
2 0.912760 0.198611 0.018229 0.056481
2 0.885677 0.244907 0.025521 0.073148
2 0.732292 0.215741 0.025000 0.068519
2 0.587500 0.222685 0.034375 0.062037
2 0.550521 0.215741 0.031250 0.051852
2 0.017188 0.509722 0.033333 0.054630
3 0.452604 0.175926 0.022917 0.025926
0 0.561458 0.164352 0.008333 0.032407
0 0.672656 0.144907 0.006771 0.036111
0 0.685156 0.143519 0.006771 0.031481