2 0.691667 0.287037 0.055208 0.101852
2 0.814323 0.242593 0.036979 0.092593
2 0.794531 0.606019 0.125521 0.225000
2 0.319271 0.392130 0.054167 0.112037
2 0.331250 0.336111 0.038542 0.079630
2 0.126823 0.404630 0.032813 0.068519
2 0.488542 0.219907 0.020833 0.058333
2 0.567187 0.190278 0.020833 0.058333
2 0.597135 0.192130 0.015104 0.047222
0 0.957812 0.155093 0.010417 0.050926
3 0.752604 0.171759 0.066667 0.056481
5 0.449219 0.263889 0.052604 0.103704
3 0.417448 0.230556 0.026562 0.048148
3 0.448177 0.207407 0.030729 0.033333
2 0.465885 0.193519 0.011979 0.031481
2 0.425000 0.200926 0.010417 0.031481
3 0.377344 0.195370 0.013021 0.025926
3 0.456510 0.175000 0.019271 0.025926
3 0.010417 0.506019 0.019792 0.045370