3 0.614062 0.283333 0.095833 0.098148
3 0.918490 0.206019 0.028646 0.063889
2 0.808594 0.173148 0.024479 0.048148
2 0.932552 0.266667 0.026562 0.085185
2 0.920052 0.158333 0.011979 0.037037
2 0.594792 0.211574 0.025000 0.050926
2 0.589844 0.196759 0.020313 0.056481
3 0.429948 0.198611 0.024479 0.028704
1 0.470052 0.193056 0.009896 0.036111
0 0.488021 0.185648 0.009375 0.036111
0 0.521354 0.174537 0.008333 0.034259
0 0.532813 0.174537 0.007292 0.034259
0 0.214323 0.326389 0.013021 0.049074
3 0.453125 0.175926 0.021875 0.024074
3 0.410417 0.204630 0.006250 0.033333