5 0.137240 0.571296 0.150521 0.266667
2 0.399219 0.307870 0.030729 0.087963
2 0.497135 0.293519 0.049479 0.081481
2 0.405469 0.210185 0.010937 0.029630
2 0.447656 0.202778 0.016146 0.037037
2 0.361979 0.225926 0.010417 0.029630
2 0.925521 0.248611 0.037500 0.084259
0 0.949479 0.156019 0.006250 0.036111
0 0.932813 0.152315 0.006250 0.036111
3 0.969271 0.144907 0.019792 0.036111
0 0.797135 0.150926 0.008854 0.037037
3 0.494792 0.192130 0.033333 0.045370
3 0.378646 0.227778 0.021875 0.031481
3 0.457292 0.176389 0.020833 0.025000
3 0.321094 0.226852 0.013021 0.027778