3 0.468750 0.422685 0.223958 0.269444
2 0.280208 0.859259 0.120833 0.281481
2 0.797917 0.343981 0.067708 0.136111
3 0.618229 0.287500 0.140625 0.162037
3 0.822917 0.236574 0.076042 0.082407
3 0.884115 0.198148 0.046354 0.061111
3 0.990104 0.209722 0.019792 0.060185
2 0.914583 0.212963 0.018750 0.062963
2 0.828906 0.165741 0.018229 0.042593
2 0.732552 0.207870 0.030729 0.063889
2 0.707031 0.211111 0.030729 0.061111
3 0.487760 0.212500 0.029687 0.049074
3 0.509115 0.195370 0.039062 0.038889
2 0.389844 0.211574 0.008854 0.028704
2 0.439583 0.278704 0.039583 0.068519
3 0.325781 0.246759 0.035937 0.039815
3 0.456250 0.176389 0.020833 0.026852