2 0.483073 0.259259 0.024479 0.070370
2 0.389323 0.245370 0.013021 0.040741
0 0.372656 0.250926 0.011979 0.046296
3 0.388542 0.201852 0.019792 0.025926
4 0.445573 0.195370 0.056771 0.072222
4 0.434635 0.181944 0.048438 0.047222
3 0.966406 0.218519 0.039062 0.068519
3 0.981510 0.184259 0.024479 0.048148
2 0.831771 0.171296 0.020833 0.048148
2 0.841406 0.157870 0.021354 0.039815
2 0.767708 0.173148 0.025000 0.044444
3 0.907292 0.178704 0.040625 0.074074
0 0.951042 0.145833 0.008333 0.037963
0 0.507812 0.172222 0.008333 0.025926
0 0.328125 0.249074 0.009375 0.037037