0 0.226042 0.733333 0.079167 0.181481
4 0.795052 0.147222 0.083854 0.075926
3 0.491406 0.273148 0.069271 0.088889
3 0.595573 0.262963 0.085938 0.087037
3 0.759635 0.260185 0.089063 0.107407
3 0.905729 0.235185 0.086458 0.100000
3 0.721875 0.190741 0.054167 0.064815
2 0.759635 0.194907 0.031771 0.060185
2 0.828906 0.169907 0.029687 0.056481
2 0.682552 0.250000 0.052604 0.092593
2 0.931250 0.500000 0.107292 0.205556
3 0.396094 0.271296 0.104688 0.092593
2 0.394531 0.303241 0.049479 0.076852
2 0.209896 0.451852 0.057292 0.116667
2 0.248438 0.375000 0.046875 0.088889
2 0.147917 0.606944 0.080208 0.147222
0 0.424219 0.774074 0.065104 0.266667
2 0.679948 0.702315 0.076563 0.323148
3 0.530990 0.218519 0.088021 0.066667
2 0.537240 0.253241 0.025521 0.089815
2 0.565885 0.223611 0.031771 0.067593
2 0.587240 0.173611 0.023438 0.045370
3 0.622396 0.187037 0.061458 0.061111