3 0.166667 0.503241 0.105208 0.156481
2 0.219531 0.399074 0.050521 0.079630
3 0.314063 0.305556 0.072917 0.064815
3 0.374219 0.228704 0.025521 0.037037
2 0.374740 0.196759 0.005729 0.019444
2 0.395313 0.195370 0.008333 0.022222
2 0.449479 0.205093 0.013542 0.030556
3 0.486198 0.232407 0.089063 0.072222
2 0.540104 0.243981 0.027083 0.071296
2 0.560417 0.191204 0.019792 0.045370
3 0.652344 0.191667 0.057813 0.040741
2 0.861198 0.240278 0.036979 0.076852
2 0.884635 0.168981 0.018229 0.041667
2 0.986719 0.189352 0.013021 0.045370
3 0.960677 0.158796 0.028646 0.045370
3 0.456771 0.175463 0.019792 0.025000
0 0.567187 0.166667 0.006250 0.035185
0 0.834896 0.150463 0.005208 0.036111