3 0.433073 0.600000 0.224479 0.220370
3 0.851042 0.238889 0.071875 0.100000
2 0.728125 0.243519 0.039583 0.083333
2 0.941927 0.209722 0.022396 0.067593
5 0.809115 0.165278 0.054688 0.062037
0 0.939844 0.151389 0.006771 0.030556
0 0.577865 0.162500 0.007812 0.030556
0 0.457031 0.177778 0.004687 0.022222
0 0.400781 0.216204 0.008854 0.036111
2 0.430208 0.200463 0.010417 0.028704
2 0.455208 0.195833 0.010417 0.030556
2 0.394271 0.200000 0.008333 0.025926
3 0.452865 0.175926 0.023438 0.024074
0 0.322656 0.266667 0.010937 0.044444
0 0.311979 0.268519 0.010417 0.040741