3 0.689323 0.506944 0.361979 0.375000
4 0.906250 0.230556 0.136458 0.170370
4 0.972917 0.182407 0.047917 0.103704
3 0.492708 0.225000 0.046875 0.101852
3 0.287240 0.350463 0.085938 0.069444
2 0.381250 0.431944 0.083333 0.156481
2 0.338542 0.374074 0.046875 0.101852
1 0.245573 0.548148 0.085938 0.166667
1 0.032552 0.709722 0.064062 0.141667
0 0.378646 0.668056 0.056250 0.206481
0 0.520573 0.668981 0.068229 0.256481
2 0.779948 0.887500 0.193229 0.225000
1 0.774479 0.299537 0.053125 0.115741
2 0.870833 0.276852 0.054167 0.114815