3 0.940365 0.446296 0.119271 0.179630
4 0.831771 0.232870 0.153125 0.178704
3 0.170833 0.431481 0.085417 0.100000
3 0.122656 0.648148 0.234896 0.351852
3 0.924479 0.215741 0.044792 0.105556
5 0.983854 0.160648 0.032292 0.102778
3 0.746875 0.168981 0.076042 0.058333
2 0.530469 0.248611 0.026562 0.076852
2 0.554427 0.234259 0.031771 0.072222
2 0.465365 0.264815 0.029687 0.083333
2 0.385937 0.282407 0.039583 0.070370
2 0.228125 0.368519 0.034375 0.068519
2 0.062240 0.481019 0.042188 0.080556
5 0.396615 0.236574 0.067187 0.067593
3 0.428125 0.199074 0.031250 0.038889
4 0.434115 0.178704 0.033854 0.042593
0 0.303646 0.811574 0.081250 0.250926
2 0.715365 0.855093 0.188021 0.289815
0 0.855469 0.852315 0.084896 0.295370