4 0.747396 0.162963 0.130208 0.087037
3 0.957552 0.148611 0.025521 0.047222
3 0.927083 0.247222 0.060417 0.094444
3 0.991927 0.179167 0.016146 0.052778
2 0.968490 0.168056 0.018229 0.041667
2 0.533333 0.243056 0.040625 0.073148
2 0.058594 0.601852 0.058854 0.118519
3 0.212240 0.407407 0.089063 0.107407
2 0.359896 0.316667 0.042708 0.096296
3 0.394531 0.254167 0.054688 0.065741
2 0.209635 0.352315 0.032813 0.073148
2 0.577344 0.208333 0.026562 0.053704
3 0.612760 0.217130 0.066146 0.071296
4 0.433854 0.178241 0.035417 0.045370