3 0.457813 0.294907 0.114583 0.147222
2 0.540365 0.227778 0.028646 0.059259
3 0.363281 0.314815 0.080729 0.088889
3 0.197917 0.371296 0.066667 0.062963
3 0.076563 0.463889 0.090625 0.103704
3 0.658594 0.329167 0.125521 0.143519
3 0.852604 0.229630 0.064583 0.085185
3 0.857812 0.175463 0.045833 0.052778
3 0.700521 0.202315 0.064583 0.075000
3 0.606771 0.201389 0.051042 0.062037
4 0.524740 0.168981 0.064062 0.065741
0 0.409896 0.883796 0.073958 0.232407
0 0.826042 0.891204 0.082292 0.217593
2 0.927083 0.193981 0.019792 0.062037
2 0.888802 0.168981 0.018229 0.062037