3 0.740625 0.262500 0.132292 0.126852
4 0.772396 0.162963 0.114583 0.092593
2 0.313802 0.461111 0.079687 0.131481
2 0.423698 0.200000 0.010937 0.027778
2 0.379167 0.212500 0.010417 0.028704
4 0.433594 0.180093 0.032813 0.043519
2 0.938021 0.150000 0.013542 0.040741
3 0.977344 0.193981 0.035937 0.069444
4 0.988281 0.151389 0.020313 0.045370
0 0.880729 0.144444 0.007292 0.031481
0 0.412760 0.216204 0.013021 0.034259
3 0.454948 0.177315 0.016146 0.028704
3 0.365104 0.212500 0.017708 0.026852
0 0.324740 0.255556 0.007812 0.031481
0 0.317188 0.268981 0.008333 0.043519