4 0.041927 0.470370 0.080729 0.159259
2 0.391667 0.316667 0.044792 0.085185
2 0.577344 0.231481 0.041146 0.077778
2 0.802604 0.268519 0.043750 0.101852
2 0.922396 0.170833 0.014583 0.047222
2 0.993490 0.184259 0.009896 0.042593
3 0.991927 0.174074 0.016146 0.040741
2 0.479948 0.196759 0.019271 0.039815
2 0.420052 0.200463 0.011979 0.028704
2 0.464583 0.187963 0.013542 0.031481
2 0.492708 0.183333 0.013542 0.029630
2 0.397135 0.203241 0.010937 0.026852
4 0.434115 0.179167 0.032813 0.045370
3 0.454427 0.175000 0.015104 0.027778
3 0.524479 0.177778 0.046875 0.048148
0 0.322656 0.256944 0.008854 0.036111
3 0.353646 0.216667 0.011458 0.031481