3 0.047917 0.568519 0.094792 0.268519
2 0.113802 0.443056 0.040104 0.069444
2 0.144271 0.429167 0.038542 0.063889
2 0.289583 0.347685 0.038542 0.060185
2 0.481250 0.457870 0.092708 0.165741
2 0.479687 0.252778 0.040625 0.062963
3 0.364323 0.377778 0.119271 0.142593
3 0.398698 0.211574 0.025521 0.032407
0 0.373437 0.225000 0.009375 0.035185
0 0.444531 0.189815 0.005729 0.025926
3 0.363542 0.200926 0.013542 0.020370
0 0.521615 0.175926 0.006771 0.035185
0 0.504687 0.179167 0.008333 0.032407
0 0.532813 0.172222 0.008333 0.033333