2 0.747656 0.312963 0.049479 0.111111
1 0.253646 0.620833 0.093750 0.167593
1 0.634635 0.339352 0.036979 0.126852
2 0.332813 0.343981 0.052083 0.075000
2 0.404167 0.283796 0.042708 0.067593
2 0.294010 0.341204 0.038021 0.071296
5 0.378125 0.247685 0.056250 0.076852
3 0.201563 0.502315 0.120833 0.152778
3 0.948958 0.194907 0.039583 0.071296
3 0.977865 0.279630 0.044271 0.088889
2 0.997917 0.185185 0.004167 0.037037
2 0.997135 0.149537 0.005729 0.023148
3 0.525260 0.234259 0.114062 0.077778
3 0.458594 0.203704 0.026562 0.035185
2 0.425260 0.198148 0.009896 0.027778
2 0.476823 0.245833 0.022396 0.062037
0 0.321875 0.238426 0.006250 0.028704
0 0.316667 0.238426 0.005208 0.028704
0 0.611719 0.144444 0.006771 0.031481