3 0.173177 0.539815 0.141146 0.177778
4 0.308333 0.346759 0.105208 0.112037
0 0.091146 0.767130 0.061458 0.173148
2 0.480208 0.265741 0.040625 0.077778
2 0.677604 0.296759 0.057292 0.110185
3 0.942448 0.203241 0.038021 0.065741
2 0.604167 0.183333 0.020833 0.042593
2 0.569271 0.193056 0.022917 0.043519
2 0.481510 0.196296 0.015104 0.037037
3 0.452865 0.176389 0.022396 0.026852
0 0.460417 0.193056 0.006250 0.032407
0 0.333073 0.251389 0.009896 0.037963
0 0.150000 0.354167 0.010417 0.039815
5 0.971094 0.144444 0.020313 0.037037