4 0.249479 0.407870 0.355208 0.423148
4 0.734115 0.160648 0.095312 0.082407
4 0.396615 0.190278 0.032813 0.050926
3 0.953646 0.273611 0.092708 0.139815
3 0.944010 0.150463 0.020313 0.036111
3 0.357812 0.206481 0.016667 0.029630
3 0.453385 0.176852 0.021354 0.025926
0 0.442448 0.204630 0.005729 0.037037
0 0.478385 0.175000 0.005729 0.025926
0 0.603125 0.148148 0.006250 0.033333
0 0.971354 0.156481 0.006250 0.035185
2 0.791146 0.209259 0.031250 0.066667
2 0.551823 0.218981 0.032813 0.058333
2 0.517969 0.178241 0.013021 0.030556
2 0.450000 0.253704 0.034375 0.053704
3 0.373958 0.203704 0.016667 0.012963