3 0.785156 0.248611 0.119271 0.134259
3 0.734635 0.199074 0.098437 0.085185
3 0.507552 0.225463 0.033854 0.050926
5 0.399740 0.209722 0.026562 0.060185
1 0.025000 0.743519 0.048958 0.124074
2 0.116667 0.447685 0.039583 0.071296
2 0.190625 0.395370 0.041667 0.070370
2 0.428906 0.308796 0.033854 0.084259
1 0.486198 0.264815 0.021354 0.075926
2 0.539062 0.194444 0.019792 0.044444
2 0.358073 0.216667 0.008854 0.024074
2 0.828385 0.342593 0.081771 0.125926
2 0.887240 0.236111 0.033854 0.075926
2 0.965885 0.207407 0.017188 0.055556
2 0.822396 0.172685 0.026042 0.049074