3 0.099219 0.434722 0.083854 0.102778
3 0.360938 0.273148 0.051042 0.066667
3 0.459896 0.255093 0.040625 0.071296
3 0.736719 0.178704 0.071354 0.070370
3 0.823958 0.187037 0.054167 0.053704
3 0.433333 0.198611 0.022917 0.037963
3 0.457031 0.175926 0.020313 0.029630
2 0.370052 0.194907 0.007812 0.021296
2 0.386198 0.203704 0.007812 0.027778
2 0.395313 0.198148 0.008333 0.025926
2 0.405208 0.198148 0.009375 0.027778
2 0.441146 0.203241 0.010417 0.032407
2 0.542969 0.244444 0.040104 0.066667
2 0.627344 0.198611 0.026562 0.036111
5 0.983594 0.136111 0.020313 0.051852
5 0.880208 0.161574 0.062500 0.063889
0 0.819531 0.147685 0.007812 0.034259
0 0.784375 0.151389 0.006250 0.032407
0 0.008333 0.491667 0.015625 0.053704