3 0.516406 0.502778 0.347396 0.348148
4 0.132812 0.487963 0.136458 0.220370
4 0.846615 0.171296 0.052604 0.111111
3 0.457813 0.275000 0.085417 0.077778
3 0.891667 0.228704 0.053125 0.083333
4 0.951042 0.197685 0.061458 0.126852
2 0.714844 0.867593 0.182812 0.264815
2 0.909635 0.375463 0.078646 0.145370
0 0.270573 0.751389 0.068229 0.206481
0 0.685677 0.743981 0.060937 0.239815
3 0.521354 0.186111 0.057292 0.055556
2 0.548177 0.193981 0.027604 0.054630
2 0.495052 0.228704 0.021354 0.057407
2 0.250521 0.334722 0.040625 0.060185
5 0.098958 0.415741 0.094792 0.094444