4 0.349479 0.502315 0.245833 0.252778
2 0.927604 0.428241 0.085417 0.160185
2 0.905469 0.247685 0.025521 0.078704
1 0.498177 0.236111 0.017188 0.068519
0 0.366406 0.235185 0.010937 0.038889
3 0.398698 0.225926 0.022396 0.037037
2 0.435677 0.213889 0.010937 0.035185
3 0.452344 0.176389 0.022396 0.025000
0 0.522135 0.175000 0.008854 0.035185
0 0.531771 0.175000 0.007292 0.033333
3 0.915104 0.236111 0.080208 0.083333
2 0.977344 0.148148 0.007812 0.027778
2 0.992969 0.149074 0.006771 0.027778
2 0.989062 0.144907 0.006250 0.026852