2 0.744531 0.260648 0.029687 0.095370
3 0.406771 0.211574 0.018750 0.036111
3 0.421094 0.200000 0.021354 0.027778
3 0.392708 0.198611 0.016667 0.023148
2 0.358594 0.204167 0.006771 0.021296
1 0.380990 0.230093 0.011979 0.037963
3 0.457292 0.175463 0.019792 0.026852
2 0.513542 0.239815 0.034375 0.059259
2 0.561198 0.234722 0.035937 0.063889
2 0.550260 0.196296 0.020313 0.040741
2 0.604948 0.205556 0.028646 0.051852
3 0.921875 0.234722 0.076042 0.115741
3 0.970833 0.181481 0.028125 0.044444
3 0.938021 0.185648 0.039583 0.065741
2 0.992969 0.177778 0.009896 0.042593