3 0.920312 0.458333 0.159375 0.212963
3 0.742969 0.336574 0.130729 0.136111
2 0.177865 0.610648 0.073438 0.150926
2 0.047396 0.616204 0.057292 0.125000
3 0.337500 0.317593 0.097917 0.079630
3 0.556510 0.256481 0.082812 0.085185
3 0.951562 0.272222 0.088542 0.112963
3 0.463542 0.218981 0.038542 0.067593
2 0.587240 0.218519 0.036979 0.055556
2 0.378906 0.250926 0.014063 0.044444
2 0.433854 0.214815 0.012500 0.040741
0 0.406250 0.216204 0.008333 0.037963
0 0.390104 0.223611 0.008333 0.036111
0 0.319792 0.240741 0.008333 0.037037