4 0.732552 0.244907 0.196354 0.206481
4 0.045573 0.477778 0.090104 0.168519
4 0.925781 0.152778 0.058854 0.070370
3 0.934115 0.227315 0.039062 0.071296
3 0.996354 0.181481 0.007292 0.035185
2 0.992188 0.171296 0.008333 0.037037
2 0.364583 0.313889 0.035417 0.072222
2 0.531771 0.218056 0.029167 0.037963
3 0.545573 0.261574 0.071354 0.087963
0 0.373698 0.225463 0.006771 0.030556
0 0.392708 0.223611 0.007292 0.034259
2 0.357031 0.206019 0.006771 0.021296
2 0.413802 0.193056 0.008854 0.026852
4 0.434115 0.180093 0.032813 0.045370
4 0.647656 0.183796 0.070312 0.058333