3 0.550833 0.574784 0.113333 0.096415
3 0.573333 0.427689 0.113333 0.096415
3 0.406667 0.254017 0.058333 0.065513
3 0.343333 0.245365 0.058333 0.065513
3 0.401667 0.192213 0.058333 0.065513
3 0.332500 0.165019 0.041667 0.048208
3 0.252500 0.181088 0.041667 0.048208
3 0.210833 0.129172 0.041667 0.048208
3 0.189167 0.124227 0.041667 0.048208
3 0.248333 0.139061 0.041667 0.048208
3 0.785833 0.324475 0.041667 0.048208
3 0.702500 0.315822 0.041667 0.048208
3 0.948333 0.509889 0.078333 0.102596
3 0.628333 0.257726 0.035000 0.048208
3 0.659167 0.234240 0.035000 0.048208
3 0.630000 0.215698 0.035000 0.048208
3 0.588333 0.211990 0.035000 0.048208
3 0.546667 0.169963 0.035000 0.048208
3 0.515833 0.173671 0.035000 0.048208
5 0.656667 0.165637 0.073333 0.123609
5 0.343750 0.467244 0.124167 0.168109
5 0.374167 0.685414 0.161667 0.280593
5 0.274167 0.244129 0.073333 0.100124
5 0.520000 0.120519 0.073333 0.100124
4 0.157917 0.082818 0.039167 0.051916
4 0.216250 0.077874 0.039167 0.051916
4 0.353750 0.077874 0.039167 0.051916