3 0.409668 0.792647 0.329102 0.367647
3 0.673828 0.856618 0.484375 0.286765
3 0.878418 0.769118 0.243164 0.447059
3 0.313965 0.653676 0.186523 0.183824
3 0.692383 0.680147 0.212891 0.169118
3 0.478516 0.635294 0.185547 0.185294
3 0.195801 0.503676 0.090820 0.092647
2 0.183594 0.675000 0.091797 0.176471
2 0.146973 0.577206 0.049805 0.089706
2 0.597656 0.617647 0.048828 0.047059
3 0.344238 0.541912 0.118164 0.101471
3 0.457031 0.516176 0.070312 0.070588
3 0.574707 0.558824 0.067383 0.097059
3 0.415039 0.479412 0.070312 0.094118
3 0.291504 0.530882 0.055664 0.079412