3 0.535861 0.826958 0.168033 0.346084
3 0.771516 0.552823 0.209016 0.380692
3 0.872951 0.854281 0.225410 0.291439
3 0.450307 0.609290 0.337090 0.358834
4 0.378074 0.188525 0.282787 0.373406
3 0.093238 0.232240 0.172131 0.446266
2 0.210041 0.756831 0.174180 0.209472
0 0.417008 0.704007 0.079918 0.260474
2 0.079406 0.728597 0.156762 0.200364
2 0.126537 0.892532 0.203893 0.171220
2 0.626025 0.305100 0.127049 0.293260
2 0.550205 0.158470 0.116803 0.258652
3 0.485143 0.362477 0.173156 0.200364
3 0.216701 0.417122 0.175205 0.382514