3 0.238250 0.451105 0.169500 0.189626
3 0.079000 0.545918 0.153000 0.183673
3 0.072500 0.438350 0.136000 0.193027
3 0.086250 0.323129 0.156500 0.178571
3 0.949750 0.323554 0.094500 0.198129
2 0.476750 0.333759 0.039500 0.142007
2 0.590500 0.266156 0.029000 0.115646
2 0.383250 0.412840 0.033500 0.080782
2 0.609500 0.596514 0.052000 0.143707
2 0.034250 0.683248 0.022500 0.123299
2 0.078500 0.756803 0.058000 0.136054
2 0.150250 0.721514 0.043500 0.097789
2 0.203750 0.742347 0.047500 0.122449
2 0.233500 0.705782 0.040000 0.115646
2 0.305500 0.728741 0.066000 0.139456
2 0.220500 0.611820 0.034000 0.138605
2 0.287000 0.590561 0.032000 0.104592
2 0.334500 0.600765 0.070000 0.136905
2 0.363000 0.602466 0.046000 0.152211
2 0.415000 0.619473 0.031000 0.133503
2 0.506500 0.616497 0.036000 0.176871
2 0.450250 0.533588 0.059500 0.148810
2 0.556000 0.445153 0.047000 0.177721