3 0.515000 0.726048 0.060000 0.116766
3 0.604167 0.684132 0.068333 0.092814
3 0.732500 0.925150 0.131667 0.149701
3 0.292500 0.880240 0.105000 0.179641
3 0.180833 0.824850 0.098333 0.146707
3 0.145833 0.703593 0.065000 0.089820
3 0.260833 0.670659 0.051667 0.149701
3 0.352500 0.682635 0.051667 0.119760
3 0.259167 0.592814 0.061667 0.107784
3 0.328333 0.553892 0.043333 0.083832
3 0.381667 0.559880 0.046667 0.083832
3 0.383333 0.501497 0.033333 0.068862
3 0.295833 0.526946 0.045000 0.071856
3 0.321667 0.477545 0.023333 0.032934
3 0.350833 0.476048 0.025000 0.041916
3 0.390833 0.459581 0.028333 0.056886
3 0.483333 0.546407 0.023333 0.050898
3 0.513333 0.495509 0.023333 0.050898
3 0.479167 0.495509 0.031667 0.050898
3 0.473333 0.464072 0.020000 0.041916
3 0.497500 0.446108 0.025000 0.041916
3 0.152500 0.513473 0.065000 0.080838
3 0.229167 0.425150 0.025000 0.041916
3 0.251667 0.449102 0.030000 0.041916