3 0.913679 0.632250 0.161355 0.263500
3 0.759628 0.908000 0.132138 0.148000
3 0.842629 0.853500 0.134794 0.176000
3 0.870684 0.756750 0.121846 0.136500
3 0.847776 0.241500 0.121182 0.143000
3 0.893094 0.146000 0.120186 0.136000
3 0.769754 0.650000 0.123838 0.171000
3 0.772244 0.512750 0.120850 0.133500
3 0.669655 0.419750 0.118858 0.134500
3 0.557935 0.301250 0.129150 0.176500
3 0.433931 0.181000 0.119522 0.115000
3 0.719622 0.732500 0.123838 0.163000
3 0.629648 0.781750 0.120518 0.162500
3 0.485226 0.785500 0.109894 0.149000
3 0.527888 0.660750 0.120850 0.157500
3 0.601262 0.614000 0.104914 0.152000
3 0.630478 0.518000 0.120850 0.125000
3 0.543991 0.410500 0.121182 0.117000
3 0.502490 0.516750 0.106574 0.122500
3 0.447211 0.562000 0.110890 0.123000
3 0.361388 0.455500 0.109894 0.126000
3 0.431939 0.417750 0.107570 0.122500
3 0.427291 0.312000 0.108234 0.108000
3 0.328519 0.311250 0.124502 0.172500
3 0.227590 0.340250 0.103918 0.127500
3 0.148572 0.243750 0.085989 0.134500
3 0.239210 0.221250 0.110558 0.107500
3 0.344456 0.215250 0.104582 0.116500
3 0.347776 0.090500 0.096614 0.098000
3 0.273074 0.127750 0.096614 0.112500
1 0.420817 0.897750 0.057437 0.084500