3 0.683333 0.893786 0.146296 0.206647
3 0.912963 0.886561 0.135185 0.218208
3 0.914815 0.638728 0.101852 0.124277
3 0.276389 0.848266 0.126852 0.170520
4 0.843056 0.494942 0.141667 0.232659
3 0.777315 0.700145 0.102778 0.134393
3 0.119444 0.782514 0.142593 0.143064
3 0.055093 0.904624 0.106481 0.182081
3 0.627778 0.705925 0.083333 0.114162
3 0.031481 0.610549 0.061111 0.119942
3 0.721296 0.576590 0.092593 0.138728
4 0.719444 0.372110 0.100000 0.180636
3 0.953704 0.691474 0.087037 0.154624
3 0.625463 0.643786 0.108333 0.143064
3 0.585185 0.582370 0.085185 0.075145
3 0.567593 0.533960 0.064815 0.073699
3 0.667593 0.473988 0.062963 0.075145
3 0.679630 0.526012 0.083333 0.078035
3 0.552315 0.490607 0.062037 0.073699
3 0.557870 0.443642 0.076852 0.101156
3 0.622685 0.421965 0.062037 0.069364
3 0.641204 0.466040 0.062037 0.067919
3 0.531019 0.387283 0.060185 0.066474
3 0.590741 0.351156 0.053704 0.075145
3 0.594907 0.376445 0.054630 0.059249
3 0.656481 0.344653 0.042593 0.073699
3 0.510648 0.322254 0.032407 0.049133
3 0.503704 0.265173 0.035185 0.056358
3 0.572222 0.296965 0.037037 0.076590
3 0.561111 0.258671 0.033333 0.072254
3 0.618981 0.281069 0.039815 0.079480
3 0.319444 0.718931 0.105556 0.154624
3 0.347685 0.625000 0.097222 0.125723
3 0.348611 0.547688 0.080556 0.112717
3 0.348611 0.479769 0.056481 0.072254
3 0.166667 0.704480 0.111111 0.148844
3 0.177778 0.622110 0.114815 0.108382
3 0.222222 0.578035 0.077778 0.101156
3 0.110648 0.515896 0.065741 0.072254
3 0.173148 0.468931 0.061111 0.067919
3 0.185185 0.426301 0.053704 0.072254
3 0.209259 0.412572 0.046296 0.076590
3 0.223611 0.379335 0.039815 0.053468