0 0.758311 0.603750 0.079787 0.281500
4 0.625665 0.471750 0.292553 0.364500
0 0.865525 0.593750 0.053524 0.251500
0 0.721576 0.613500 0.092753 0.263000
2 0.169382 0.587250 0.145279 0.196500
3 0.953624 0.665750 0.090758 0.277500
2 0.720412 0.665500 0.130984 0.232000
2 0.557680 0.581500 0.234375 0.265000
0 0.829122 0.604250 0.069149 0.261500
0 0.930519 0.523000 0.041888 0.121000
4 0.633976 0.374250 0.281915 0.166500
3 0.391290 0.552500 0.134309 0.200000
0 0.154089 0.563500 0.094747 0.229000
0 0.671543 0.610500 0.068484 0.238000
2 0.280419 0.598250 0.106051 0.177500