3 0.623333 0.786500 0.152667 0.187000
3 0.415167 0.888500 0.163667 0.199000
4 0.371167 0.465500 0.162333 0.329000
3 0.373833 0.471000 0.165667 0.326000
3 0.248667 0.728500 0.126000 0.219000
3 0.550000 0.576250 0.105333 0.132500
3 0.660167 0.629500 0.119000 0.194000
3 0.692667 0.508250 0.101333 0.121500
3 0.708333 0.421750 0.073333 0.088500
3 0.735667 0.385250 0.076000 0.084500
3 0.514833 0.454000 0.083000 0.121000
3 0.610333 0.418500 0.063333 0.067000
3 0.960833 0.384500 0.073667 0.098000
3 0.979000 0.506750 0.042000 0.124500
3 0.654333 0.357250 0.070667 0.071500
3 0.574333 0.394500 0.064667 0.084000
3 0.495333 0.345750 0.051333 0.066500
3 0.580167 0.334750 0.055667 0.073500
3 0.582333 0.275000 0.046667 0.057000
3 0.662667 0.280250 0.047333 0.065500
3 0.587000 0.229250 0.033333 0.039500
3 0.648667 0.222750 0.037333 0.044500
3 0.659333 0.280500 0.048667 0.059000
3 0.944333 0.255000 0.037333 0.048000
3 0.942500 0.198000 0.025667 0.044000
3 0.936167 0.181500 0.030333 0.050000
3 0.623000 0.210000 0.034667 0.050000
3 0.564833 0.210000 0.039667 0.044000