3 0.672333 0.683333 0.144197 0.270833
3 0.201055 0.832292 0.155920 0.335417
3 0.859320 0.608333 0.161782 0.195833
4 0.915592 0.396875 0.164127 0.402083
3 0.924385 0.843750 0.146542 0.312500
3 0.235053 0.283333 0.080891 0.108333
3 0.675264 0.437500 0.098476 0.195833
3 0.507620 0.842708 0.173505 0.314583
4 0.633060 0.114583 0.103165 0.158333
4 0.074443 0.046875 0.118406 0.089583
2 0.324736 0.448958 0.067995 0.168750
2 0.248535 0.600000 0.042204 0.112500
2 0.270223 0.685417 0.057444 0.129167
2 0.699883 0.293750 0.056272 0.133333
2 0.840563 0.157292 0.051583 0.093750
2 0.065064 0.130208 0.038687 0.081250
3 0.041618 0.307292 0.078546 0.160417
3 0.223329 0.511458 0.109027 0.189583
3 0.391559 0.580208 0.117233 0.272917
3 0.462485 0.477083 0.087925 0.183333
3 0.573271 0.542708 0.103165 0.189583
3 0.511723 0.387500 0.083236 0.145833
3 0.601993 0.298958 0.069168 0.102083
3 0.549824 0.196875 0.053927 0.089583
3 0.557444 0.140625 0.038687 0.052083
3 0.345838 0.276042 0.060961 0.143750
3 0.280188 0.190625 0.056272 0.102083
3 0.311841 0.232292 0.063306 0.118750
3 0.336460 0.159375 0.030481 0.068750
3 0.342321 0.128125 0.042204 0.064583
3 0.453107 0.200000 0.057444 0.091667
3 0.402110 0.137500 0.058617 0.062500
3 0.440211 0.142708 0.043376 0.060417
3 0.465416 0.092708 0.042204 0.068750
3 0.519343 0.102083 0.046893 0.070833
3 0.334115 0.081250 0.049238 0.050000
3 0.115475 0.090625 0.057444 0.072917
3 0.796600 0.328125 0.080891 0.139583