5 0.330015 0.765793 0.233619 0.186156
5 0.277596 0.647681 0.165071 0.097110
5 0.484123 0.514617 0.110383 0.044019
5 0.925907 0.468918 0.148185 0.203965
5 0.270539 0.563172 0.092994 0.054435
5 0.139491 0.757897 0.089466 0.078293
3 0.201109 0.729167 0.053931 0.040323
3 0.365801 0.603159 0.057208 0.053763
3 0.394405 0.558972 0.054940 0.042003
3 0.423135 0.586190 0.058972 0.050067
3 0.502898 0.573925 0.082913 0.067204
3 0.607107 0.421539 0.077117 0.034610
3 0.436618 0.490927 0.059728 0.040323
3 0.554183 0.628864 0.104839 0.057460
3 0.712324 0.664315 0.138861 0.059812
3 0.158518 0.707157 0.055948 0.031922
2 0.026084 0.868952 0.032006 0.026882
2 0.205645 0.798219 0.025706 0.045363