3 0.460000 0.442667 0.081000 0.137333
3 0.535250 0.449667 0.082500 0.118000
3 0.624000 0.422667 0.073000 0.097333
3 0.718500 0.449667 0.084000 0.088667
3 0.790500 0.403667 0.062000 0.092667
3 0.896250 0.381000 0.075500 0.083333
3 0.853250 0.330667 0.056500 0.053333
3 0.811500 0.290000 0.040000 0.061333
3 0.703000 0.365667 0.083000 0.112667
3 0.758000 0.331000 0.058000 0.083333
3 0.738250 0.299333 0.036500 0.060000
3 0.632750 0.352000 0.065500 0.070667
3 0.553000 0.379333 0.060000 0.074667
3 0.510000 0.327667 0.035000 0.062000
3 0.564750 0.339000 0.054500 0.071333
4 0.573250 0.284333 0.059500 0.122000
4 0.592250 0.230333 0.051500 0.064667
3 0.629500 0.287333 0.034000 0.066667
3 0.629500 0.313667 0.044000 0.042000
3 0.683000 0.302000 0.035000 0.052000
3 0.680250 0.269333 0.034500 0.038667
3 0.106500 0.675000 0.210000 0.126000
2 0.305000 0.469000 0.041000 0.068667
2 0.283000 0.467667 0.053000 0.063333
2 0.258750 0.473667 0.047500 0.068667
2 0.336000 0.465667 0.035000 0.099333