3 0.507508 0.813916 0.171301 0.225728
3 0.819939 0.831513 0.197164 0.244741
3 0.198554 0.765979 0.176307 0.209142
3 0.323276 0.543285 0.133760 0.184466
3 0.551307 0.582727 0.138765 0.146036
3 0.412264 0.475121 0.119299 0.110437
3 0.601085 0.396238 0.123749 0.157362
3 0.771413 0.488471 0.124027 0.154126
3 0.749444 0.350121 0.109010 0.106392
3 0.675751 0.231998 0.060623 0.052994
3 0.553532 0.234628 0.072581 0.063107
3 0.576335 0.320388 0.092603 0.092233
3 0.416018 0.328681 0.097330 0.095065
3 0.427697 0.242921 0.055617 0.095874
3 0.434511 0.170712 0.053115 0.070388
3 0.518215 0.141586 0.044216 0.063107
3 0.550890 0.191141 0.055061 0.061084
3 0.655729 0.194579 0.059511 0.051780
3 0.608315 0.152104 0.053671 0.061489
3 0.579950 0.100930 0.039210 0.042476
3 0.508899 0.113269 0.041157 0.037217
3 0.347330 0.165251 0.061735 0.057848
3 0.356368 0.131472 0.045884 0.050162
3 0.374583 0.095267 0.035039 0.043285
3 0.450779 0.085558 0.027809 0.062702
3 0.514321 0.088390 0.033648 0.055421
3 0.543799 0.051375 0.031424 0.036408