0 0.118464 0.687500 0.138889 0.384804
0 0.554739 0.666667 0.119281 0.323529
0 0.674837 0.658088 0.068627 0.272059
0 0.764706 0.660539 0.104575 0.311275
2 0.547386 0.745098 0.130719 0.254902
0 0.713235 0.658088 0.076797 0.286765
0 0.808824 0.745098 0.124183 0.289216
3 0.816176 0.675245 0.272876 0.296569
2 0.120915 0.801471 0.137255 0.264706
4 0.364379 0.611520 0.163399 0.286765
0 0.971405 0.665441 0.040850 0.257353
3 0.814542 0.726716 0.151961 0.291667
0 0.037582 0.699755 0.049020 0.262255
3 0.365196 0.636029 0.151961 0.242647
0 0.510621 0.653186 0.086601 0.291667
0 0.601307 0.661765 0.081699 0.294118
0 0.207516 0.629902 0.045752 0.191176