3 0.463368 0.659896 0.144097 0.159375
3 0.557465 0.643229 0.128125 0.173958
3 0.636979 0.567187 0.118403 0.113542
3 0.422396 0.545052 0.116319 0.144271
3 0.464062 0.493229 0.110764 0.134375
3 0.318576 0.587240 0.130903 0.151562
3 0.195833 0.492448 0.088889 0.126562
3 0.244271 0.458594 0.094097 0.114062
3 0.311285 0.402604 0.116319 0.136458
3 0.172049 0.355729 0.103819 0.110417
3 0.078646 0.383333 0.108681 0.100000
3 0.071181 0.443750 0.111111 0.117708
2 0.078646 0.607812 0.064931 0.091667
1 0.318056 0.882292 0.074306 0.085417
2 0.356250 0.779427 0.065972 0.099479
0 0.539236 0.855990 0.035417 0.090104
0 0.560590 0.791146 0.032986 0.086458
0 0.709896 0.784115 0.035764 0.099479
0 0.747569 0.583333 0.022917 0.081250
0 0.806424 0.436979 0.031597 0.068750
0 0.189062 0.654687 0.026736 0.072917