0 0.447289 0.777485 0.177711 0.431476
0 0.245733 0.664533 0.073795 0.303464
0 0.934237 0.652485 0.094378 0.326054
0 0.293173 0.666039 0.057229 0.294428
0 0.127510 0.650226 0.192771 0.493223
0 0.612701 0.698795 0.068775 0.259036
0 0.700803 0.707455 0.081325 0.282380
0 0.500753 0.718373 0.097892 0.349398
0 0.808233 0.538780 0.073293 0.345633
0 0.966114 0.655120 0.054719 0.313253
0 0.335341 0.663027 0.066265 0.294428
3 0.132279 0.083208 0.264558 0.166416
0 0.399347 0.786521 0.101908 0.392319
3 0.127008 0.164157 0.252008 0.233434
0 0.415914 0.554593 0.068775 0.232681
0 0.879769 0.552334 0.049699 0.273343