3 0.289926 0.464052 0.186732 0.094771
3 0.353808 0.609477 0.157248 0.081699
3 0.546683 0.665850 0.120393 0.122549
3 0.702703 0.694444 0.108108 0.140523
3 0.866093 0.665850 0.174447 0.076797
3 0.340295 0.731209 0.135135 0.151961
3 0.481572 0.784314 0.245700 0.124183
3 0.597052 0.829248 0.245700 0.102941
3 0.845209 0.776144 0.250614 0.091503
3 0.265356 0.892974 0.343980 0.096405
3 0.398034 0.955065 0.348894 0.089869
2 0.222359 0.420752 0.135135 0.060458
2 0.549140 0.377451 0.061425 0.052288
2 0.721130 0.397059 0.076167 0.071895
2 0.582310 0.321895 0.044226 0.035948