3 0.896289 0.760677 0.105859 0.156771
3 0.799023 0.784635 0.130078 0.158854
3 0.662695 0.753125 0.087891 0.109375
3 0.588477 0.799479 0.091797 0.123958
3 0.550195 0.700000 0.083203 0.107292
3 0.625781 0.652865 0.080469 0.115104
3 0.687109 0.630469 0.080469 0.086979
3 0.743750 0.611198 0.062500 0.075521
3 0.675000 0.545312 0.064844 0.066667
3 0.617969 0.528385 0.041406 0.050521
3 0.590039 0.586979 0.051172 0.056250
3 0.528125 0.616927 0.064844 0.078646
3 0.514844 0.563542 0.057031 0.064583
3 0.567773 0.550781 0.037891 0.071354
3 0.513281 0.535677 0.045312 0.074479
3 0.506250 0.500000 0.042969 0.065625
3 0.549609 0.492448 0.045312 0.067187
3 0.586328 0.489844 0.036719 0.066146
3 0.499805 0.480208 0.019141 0.039583
4 0.634180 0.498177 0.042578 0.072396
5 0.115625 0.807031 0.222656 0.323437
5 0.294727 0.584635 0.101172 0.170313
3 0.349805 0.706771 0.091016 0.107292
3 0.380859 0.590625 0.054688 0.072917
3 0.216016 0.600781 0.066406 0.075521
3 0.239063 0.525260 0.050000 0.050521
3 0.351758 0.526042 0.043359 0.056250
3 0.322852 0.497135 0.044922 0.053646
3 0.381055 0.498437 0.028516 0.045833
3 0.413477 0.519792 0.031641 0.050000
3 0.332813 0.460938 0.025781 0.035417
5 0.355469 0.452344 0.043750 0.056771
5 0.404883 0.437500 0.032422 0.069792