3 0.722135 0.786343 0.250521 0.427315
3 0.294271 0.804167 0.130729 0.196296
3 0.354297 0.649769 0.157031 0.191204
3 0.191016 0.301157 0.087760 0.084722
3 0.408333 0.279861 0.093750 0.101389
3 0.556901 0.504398 0.237760 0.168981
3 0.650130 0.526157 0.121615 0.108796
3 0.591276 0.342593 0.110156 0.129630
3 0.358724 0.571296 0.143490 0.143519
3 0.799219 0.467593 0.116146 0.137963
3 0.279036 0.274074 0.066927 0.065741
3 0.044792 0.378472 0.089583 0.151389
3 0.262500 0.287037 0.046354 0.061111
3 0.571094 0.309491 0.116146 0.131019
3 0.411719 0.324074 0.100000 0.142593