3 0.383984 0.485165 0.203906 0.131868
0 0.907227 0.503846 0.089453 0.238462
0 0.444336 0.655220 0.063672 0.232418
0 0.666992 0.540659 0.067578 0.216484
0 0.826367 0.504396 0.062109 0.190110
0 0.629297 0.535714 0.051562 0.234066
0 0.100781 0.458242 0.057813 0.096703
2 0.113477 0.531319 0.082422 0.128571
3 0.178516 0.461264 0.143750 0.137912
3 0.054688 0.445879 0.085938 0.076374
3 0.246484 0.431593 0.077344 0.057692
3 0.595313 0.414560 0.069531 0.042308
3 0.620313 0.413187 0.039062 0.052747
3 0.643945 0.413187 0.049609 0.048352