4 0.589844 0.301471 0.308594 0.145294
3 0.740820 0.497941 0.182422 0.122941
0 0.401562 0.692353 0.038281 0.217647
0 0.526563 0.665588 0.036719 0.190000
3 0.579297 0.393529 0.207813 0.141176
3 0.728516 0.388529 0.194531 0.121765
0 0.364063 0.699118 0.042188 0.238235
0 0.542578 0.675000 0.034375 0.171176
0 0.452930 0.677647 0.039453 0.191765
0 0.621484 0.669412 0.035937 0.172941
0 0.726562 0.767353 0.049219 0.248824
0 0.267578 0.478529 0.029687 0.104118
0 0.218750 0.425294 0.039062 0.080000
3 0.907227 0.425294 0.133984 0.160000
3 0.864648 0.319706 0.105078 0.088824
3 0.925781 0.339412 0.099219 0.112941
3 0.768359 0.242647 0.097656 0.064118
3 0.851953 0.234706 0.089844 0.082353
3 0.937305 0.225294 0.073828 0.068235
3 0.425391 0.317059 0.113281 0.078824