3 0.314893 0.842378 0.206363 0.247255
3 0.168215 0.658045 0.188345 0.137035
3 0.662162 0.282095 0.074324 0.055743
3 0.650619 0.845334 0.210023 0.248944
3 0.603885 0.634607 0.146959 0.142525
3 0.411881 0.647065 0.114865 0.152238
3 0.272241 0.547508 0.098536 0.122044
3 0.322354 0.459565 0.092342 0.089738
3 0.437078 0.550148 0.128660 0.110853
3 0.613880 0.526816 0.114583 0.083615
3 0.572213 0.464949 0.109516 0.071791
3 0.581785 0.424620 0.072354 0.060389
3 0.592342 0.394742 0.053491 0.044552
3 0.584741 0.362014 0.056306 0.039062
3 0.580800 0.344700 0.062500 0.040752
3 0.582770 0.330342 0.060248 0.040752
3 0.365569 0.424620 0.072354 0.060389
3 0.392736 0.374789 0.062500 0.046875
4 0.474240 0.385030 0.090372 0.131968
4 0.521959 0.282411 0.069257 0.058066
4 0.653153 0.253378 0.060248 0.049831
3 0.782376 0.439295 0.093468 0.056377
3 0.727618 0.314928 0.054336 0.033995
3 0.577280 0.303526 0.037444 0.032306
3 0.581785 0.292969 0.044200 0.033995