5 0.346740 0.768012 0.090601 0.227666
5 0.905588 0.823487 0.188823 0.353026
5 0.641829 0.422190 0.088061 0.152738
5 0.341236 0.339337 0.064352 0.154179
5 0.476715 0.260086 0.045724 0.108069
5 0.475445 0.172911 0.053345 0.060519
5 0.293395 0.142651 0.036410 0.074928
5 0.308213 0.204611 0.033870 0.057637
3 0.515665 0.772334 0.084674 0.178674
3 0.610923 0.678674 0.071973 0.083573
3 0.781964 0.829971 0.099069 0.118156
3 0.533023 0.499280 0.046571 0.067723
3 0.589754 0.497839 0.049958 0.087896
3 0.546571 0.394092 0.053345 0.093660
3 0.464437 0.330692 0.033023 0.061960
3 0.514818 0.276657 0.028789 0.051873
3 0.417866 0.492075 0.046571 0.079251
3 0.393311 0.576369 0.068586 0.115274
3 0.317104 0.494236 0.055038 0.083573
3 0.395004 0.349424 0.043184 0.079251
3 0.283658 0.311239 0.033870 0.074928
3 0.342083 0.212536 0.025402 0.059078
3 0.376799 0.157061 0.023709 0.040346
3 0.403048 0.154899 0.016935 0.041787
3 0.343353 0.095101 0.021169 0.028818
3 0.259102 0.132565 0.020322 0.043228
3 0.328535 0.162104 0.023709 0.041787