3 0.184807 0.235500 0.038549 0.039000
3 0.552863 0.891000 0.137472 0.179000
3 0.373158 0.887500 0.137472 0.179000
3 0.460317 0.743250 0.099773 0.165500
3 0.625000 0.644750 0.099773 0.165500
3 0.863946 0.798750 0.099773 0.165500
3 0.778345 0.905250 0.099773 0.165500
3 0.930272 0.639250 0.099773 0.165500
3 0.948838 0.569500 0.074546 0.109000
3 0.248724 0.699500 0.074546 0.109000
3 0.340278 0.626500 0.074546 0.109000
3 0.420493 0.557000 0.074546 0.109000
3 0.491355 0.522500 0.074546 0.109000
3 0.354450 0.474000 0.074546 0.109000
3 0.413124 0.439000 0.074546 0.109000
3 0.242772 0.473000 0.058673 0.096000
3 0.141298 0.496000 0.058673 0.096000
3 0.176446 0.402500 0.058673 0.096000
3 0.282455 0.420500 0.058673 0.096000
3 0.344246 0.394500 0.058673 0.096000
3 0.300028 0.344500 0.058673 0.096000
3 0.258078 0.357000 0.058673 0.096000
3 0.214711 0.331250 0.049603 0.068500
3 0.136480 0.309250 0.049603 0.068500
3 0.073838 0.303250 0.049603 0.068500
3 0.118622 0.281250 0.049603 0.068500
3 0.064768 0.255750 0.049603 0.068500
3 0.220663 0.252250 0.049603 0.068500
3 0.208475 0.204500 0.034297 0.039000
3 0.154337 0.218500 0.034297 0.039000
3 0.112670 0.230000 0.034297 0.039000
3 0.057398 0.209000 0.034297 0.039000
3 0.109269 0.206500 0.034297 0.039000
3 0.103033 0.172000 0.034297 0.039000
3 0.146684 0.178500 0.034297 0.039000
3 0.192319 0.184000 0.034297 0.039000
3 0.707908 0.496750 0.054138 0.066500
3 0.715561 0.432250 0.054138 0.066500
3 0.824972 0.447750 0.054138 0.066500
3 0.607568 0.430250 0.054138 0.066500
3 0.650935 0.363250 0.054138 0.066500
3 0.647251 0.336750 0.054138 0.066500
3 0.536990 0.372250 0.054138 0.066500
3 0.519700 0.327750 0.054138 0.066500
3 0.482285 0.344250 0.054138 0.066500
3 0.503260 0.266750 0.054138 0.066500
3 0.540958 0.253250 0.054138 0.066500
3 0.413690 0.260250 0.054138 0.066500
3 0.431831 0.234750 0.036565 0.048500
3 0.463861 0.225250 0.036565 0.048500
3 0.361536 0.264250 0.036565 0.048500
3 0.378543 0.202750 0.036565 0.048500
3 0.330357 0.196250 0.036565 0.048500
3 0.295210 0.192750 0.036565 0.048500