3 0.717773 0.537952 0.249609 0.422892
3 0.180273 0.525000 0.207422 0.254819
3 0.500000 0.380723 0.171875 0.234940
3 0.286914 0.643373 0.227734 0.263855
3 0.397461 0.504217 0.169141 0.248193
3 0.490234 0.873494 0.304688 0.242169
3 0.862500 0.297892 0.147656 0.263253
3 0.595508 0.236446 0.165234 0.163253
3 0.649219 0.186747 0.167187 0.189157
3 0.369727 0.293976 0.128516 0.154217
3 0.774023 0.100000 0.104297 0.173494
3 0.869922 0.200000 0.124219 0.168675
3 0.919727 0.158434 0.111328 0.151807
3 0.187305 0.075602 0.135547 0.137952
3 0.102148 0.860542 0.187891 0.278916