4 0.596094 0.668367 0.123438 0.343537
4 0.810156 0.705782 0.245312 0.336735
3 0.294531 0.853741 0.079687 0.122449
3 0.205469 0.872449 0.070312 0.139456
3 0.126562 0.683673 0.075000 0.176871
3 0.205469 0.804422 0.070312 0.139456
3 0.319531 0.831633 0.070312 0.139456
3 0.395313 0.882653 0.071875 0.139456
3 0.429688 0.821429 0.071875 0.139456
3 0.431250 0.746599 0.071875 0.139456
3 0.448437 0.603741 0.071875 0.139456
3 0.432812 0.654762 0.071875 0.139456
3 0.557813 0.498299 0.071875 0.139456
3 0.692187 0.617347 0.071875 0.139456
3 0.464844 0.736395 0.070312 0.139456
3 0.657813 0.562925 0.071875 0.139456
4 0.283594 0.457483 0.135937 0.159864
4 0.625781 0.379252 0.070312 0.146259