3 0.698438 0.835187 0.345313 0.226581
3 0.147461 0.729801 0.294141 0.166862
3 0.131445 0.463993 0.223828 0.143443
3 0.468164 0.460480 0.269922 0.166862
4 0.684375 0.256733 0.468750 0.220726
3 0.861914 0.326405 0.148828 0.090749
0 0.503125 0.629098 0.052344 0.146956
0 0.476172 0.637295 0.039062 0.130562
0 0.352734 0.643735 0.051562 0.142272
4 0.157227 0.339871 0.313672 0.218384
0 0.851953 0.480094 0.032813 0.134660
3 0.065625 0.853630 0.128906 0.180328
3 0.420312 0.958431 0.435156 0.083138
3 0.361523 0.274883 0.076953 0.082553
3 0.305078 0.286300 0.066406 0.079625
3 0.529297 0.117389 0.103125 0.048595
3 0.244922 0.201112 0.069531 0.057963
3 0.299023 0.229508 0.080078 0.074941
3 0.032813 0.204040 0.054688 0.068501
3 0.067187 0.224532 0.047656 0.039227
3 0.128125 0.202869 0.060156 0.056792
3 0.165039 0.216920 0.054297 0.040398
3 0.167578 0.170082 0.053125 0.059133
0 0.261914 0.586358 0.040234 0.069672
0 0.332813 0.606850 0.040625 0.079040
0 0.448828 0.597482 0.042188 0.063817
0 0.480469 0.547717 0.035156 0.057963
1 0.584961 0.656030 0.073047 0.081382
1 0.640234 0.627635 0.059375 0.080796
0 0.634766 0.561183 0.065625 0.086066
2 0.454883 0.663349 0.045703 0.106557
2 0.385352 0.652518 0.066797 0.102459
2 0.254297 0.626171 0.095312 0.083724