3 0.722685 0.287850 0.199074 0.242991
3 0.641667 0.606542 0.237037 0.416822
3 0.825000 0.552336 0.198148 0.323364
3 0.905556 0.739252 0.185185 0.514019
3 0.079630 0.203738 0.116667 0.220561
3 0.669907 0.251402 0.145370 0.252336
3 0.530093 0.256075 0.137963 0.257944
3 0.070833 0.706542 0.136111 0.448598
3 0.609259 0.244860 0.096296 0.257944
3 0.609722 0.126168 0.139815 0.147664
3 0.444907 0.073832 0.099074 0.128972
0 0.553241 0.642991 0.099074 0.358879
0 0.839352 0.891589 0.102778 0.216822
0 0.156481 0.341121 0.070370 0.252336
0 0.157870 0.161682 0.045370 0.151402
2 0.223148 0.057944 0.035185 0.112150
2 0.260648 0.054206 0.032407 0.104673
0 0.473611 0.286916 0.049074 0.192523