3 0.925344 0.480826 0.129666 0.218289
3 0.442043 0.867257 0.137525 0.218289
3 0.270138 0.657817 0.131631 0.259587
3 0.883104 0.443953 0.170923 0.185841
3 0.764244 0.076696 0.086444 0.082596
3 0.925344 0.095870 0.110020 0.109145
3 0.088409 0.830383 0.137525 0.309735
3 0.258350 0.554572 0.119843 0.147493
3 0.915521 0.404130 0.157171 0.141593
3 0.096267 0.610619 0.106090 0.117994
3 0.285855 0.865782 0.151277 0.191740
3 0.927308 0.342183 0.129666 0.123894
3 0.375246 0.376106 0.094303 0.126844
3 0.457760 0.626844 0.110020 0.179941
3 0.242633 0.451327 0.096267 0.088496
3 0.115914 0.482301 0.086444 0.138643
3 0.107073 0.567847 0.104126 0.115044
3 0.107073 0.379056 0.100196 0.138643
3 0.126719 0.280236 0.111984 0.129794
3 0.112967 0.175516 0.092338 0.109145
3 0.239686 0.393805 0.086444 0.115044
3 0.221022 0.297935 0.100196 0.153392
3 0.217092 0.193215 0.080550 0.144543
2 0.336935 0.275811 0.092338 0.109145
2 0.297642 0.213864 0.068762 0.120944
3 0.400786 0.231563 0.094303 0.138643
2 0.515717 0.759587 0.088409 0.209440
2 0.463654 0.923304 0.129666 0.141593
2 0.333006 0.759587 0.060904 0.126844
2 0.518664 0.604720 0.039293 0.070796
3 0.375246 0.533923 0.094303 0.176991
3 0.368369 0.165192 0.072692 0.106195
3 0.100196 0.095870 0.066798 0.073746
3 0.203340 0.125369 0.080550 0.103245
3 0.783890 0.358407 0.098232 0.132743
3 0.775049 0.286136 0.115914 0.129794
3 0.861493 0.277286 0.092338 0.100295