3 0.393158 0.922031 0.130740 0.155938
3 0.137769 0.818750 0.125117 0.108750
3 0.233833 0.870938 0.084817 0.096875
4 0.928421 0.825937 0.140347 0.111875
3 0.928421 0.825937 0.140347 0.111875
3 0.922563 0.675000 0.106607 0.083750
3 0.821462 0.679688 0.079194 0.078750
3 0.113519 0.722969 0.130506 0.082812
3 0.892455 0.756563 0.094189 0.086250
3 0.451500 0.769687 0.087160 0.097500
3 0.343955 0.722656 0.114808 0.088438
3 0.252577 0.673438 0.079663 0.074375
3 0.185216 0.663125 0.062090 0.070625
3 0.238168 0.626250 0.054124 0.081875
3 0.317127 0.613281 0.065839 0.064687
3 0.374883 0.650625 0.085286 0.131875
3 0.467784 0.684063 0.069119 0.079375
3 0.477038 0.624531 0.040769 0.063437
3 0.400539 0.617812 0.045220 0.069375
3 0.406631 0.582500 0.045220 0.073125
3 0.432521 0.568438 0.037957 0.066875
3 0.493791 0.580156 0.039597 0.049063
3 0.157334 0.566875 0.025070 0.050625
3 0.041354 0.610000 0.068650 0.092500
3 0.194353 0.561562 0.048032 0.047500
3 0.256326 0.542656 0.046860 0.055938
3 0.296275 0.517813 0.028351 0.038750
3 0.327788 0.538906 0.034677 0.049688
3 0.357896 0.538281 0.033505 0.029063
3 0.400773 0.522813 0.044752 0.031250
3 0.435918 0.535625 0.021321 0.043125
3 0.455248 0.533125 0.028585 0.039375
3 0.490276 0.550469 0.039597 0.068437
3 0.639878 0.882969 0.114339 0.111562
3 0.638824 0.786406 0.121134 0.122188
3 0.869377 0.944844 0.142690 0.110312
3 0.780459 0.816875 0.137769 0.092500
3 0.730787 0.743594 0.075445 0.072188
3 0.704194 0.694531 0.074742 0.076563
3 0.602976 0.674063 0.100984 0.096875
3 0.680530 0.642344 0.066307 0.063437
3 0.774367 0.642344 0.067479 0.080937
3 0.593838 0.600000 0.063496 0.066250
3 0.646087 0.590000 0.045220 0.050625
3 0.723290 0.593750 0.049203 0.055000
3 0.815839 0.596875 0.043580 0.058750
3 0.847352 0.616719 0.041940 0.060937
3 0.884724 0.638281 0.082006 0.110312
3 0.576031 0.563594 0.051312 0.052812
3 0.563730 0.528906 0.041237 0.056563
3 0.627694 0.562344 0.044049 0.064062
3 0.607779 0.531406 0.034677 0.045312
3 0.666120 0.534375 0.035145 0.046875
3 0.696228 0.574375 0.056467 0.062500
3 0.739456 0.541094 0.049203 0.052812
3 0.765112 0.569531 0.039128 0.067812
3 0.711340 0.527500 0.046392 0.059375