3 0.611833 0.859000 0.356333 0.282000
3 0.715333 0.719500 0.382000 0.282000
0 0.472000 0.518500 0.049333 0.215000
0 0.391500 0.569000 0.055000 0.205000
0 0.282667 0.636750 0.045333 0.197500
0 0.681167 0.480000 0.035667 0.163000
0 0.596000 0.489750 0.031333 0.159500
0 0.716167 0.469750 0.041667 0.177500
2 0.936500 0.686250 0.107000 0.198500
2 0.602667 0.708250 0.145333 0.143500
0 0.083333 0.766250 0.110667 0.194500
0 0.277000 0.680000 0.088667 0.219000
0 0.222667 0.496500 0.072000 0.155000
0 0.415333 0.519250 0.061333 0.197500
0 0.668833 0.369750 0.043667 0.151500
0 0.759500 0.359000 0.037000 0.147000
0 0.837167 0.336000 0.032333 0.110000
0 0.481500 0.398000 0.047667 0.107000