3 0.364000 0.684884 0.070000 0.165116
3 0.521500 0.713953 0.091000 0.144186
3 0.415500 0.788372 0.083000 0.148837
3 0.889500 0.817442 0.101000 0.179070
3 0.683500 0.667442 0.075000 0.148837
3 0.605500 0.560465 0.073000 0.144186
3 0.554000 0.445349 0.046000 0.104651
3 0.520000 0.296512 0.032000 0.058140
3 0.447500 0.552326 0.071000 0.137209
3 0.493000 0.636047 0.084000 0.123256
3 0.711500 0.560465 0.081000 0.186047
3 0.393000 0.438372 0.040000 0.090698
3 0.416000 0.374419 0.034000 0.069767
3 0.299000 0.358140 0.048000 0.097674
3 0.332000 0.255814 0.042000 0.055814
3 0.271000 0.231395 0.030000 0.086047
3 0.303500 0.220930 0.029000 0.074419
3 0.242500 0.153488 0.031000 0.055814
2 0.238500 0.576744 0.057000 0.153488
2 0.379500 0.586047 0.061000 0.120930
2 0.312000 0.486047 0.052000 0.111628
2 0.368000 0.451163 0.038000 0.106977
2 0.334000 0.339535 0.034000 0.093023
2 0.176500 0.704651 0.027000 0.125581
2 0.276000 0.862791 0.056000 0.190698
2 0.431500 0.939535 0.067000 0.120930
2 0.871000 0.668605 0.038000 0.137209
2 0.784000 0.536047 0.032000 0.151163
2 0.585000 0.362791 0.028000 0.088372
2 0.628000 0.368605 0.030000 0.104651
2 0.539000 0.282558 0.020000 0.072093
2 0.585000 0.296512 0.018000 0.076744
2 0.463000 0.294186 0.028000 0.081395
2 0.436500 0.261628 0.019000 0.062791
3 0.454500 0.234884 0.023000 0.083721
2 0.245500 0.294186 0.019000 0.076744
2 0.261500 0.282558 0.023000 0.067442
2 0.304500 0.295349 0.019000 0.060465
2 0.207500 0.229070 0.019000 0.058140