3 0.926875 0.644722 0.121250 0.100556
3 0.817500 0.577222 0.070625 0.110000
3 0.781875 0.504167 0.077500 0.085000
3 0.386562 0.850000 0.110625 0.145556
3 0.190469 0.889444 0.099687 0.161111
3 0.111406 0.745833 0.079687 0.146111
3 0.333125 0.652222 0.073750 0.107778
3 0.263437 0.605278 0.055625 0.128333
3 0.145781 0.593333 0.063437 0.104444
3 0.230000 0.482778 0.043750 0.052222
3 0.297656 0.490278 0.040938 0.063889
3 0.143750 0.508611 0.041875 0.077222
3 0.183281 0.444167 0.030312 0.059444
3 0.207500 0.424167 0.036875 0.059444
3 0.297969 0.417222 0.026562 0.045556
3 0.261094 0.400556 0.022187 0.045556
3 0.354531 0.441111 0.039062 0.075556
3 0.347187 0.398333 0.023125 0.045556
3 0.302344 0.400833 0.027187 0.043889
3 0.308906 0.383611 0.027187 0.056111
3 0.047031 0.523889 0.051562 0.111111
3 0.738281 0.885000 0.135937 0.173333
3 0.657813 0.755000 0.098750 0.117778
3 0.722344 0.666667 0.098437 0.102222
3 0.567031 0.624444 0.066562 0.083333
3 0.662031 0.605556 0.074688 0.105556
3 0.641250 0.505278 0.053750 0.077222
3 0.492969 0.514167 0.043437 0.067222
3 0.544531 0.478889 0.040938 0.054444
3 0.610625 0.469722 0.049375 0.056111
3 0.470313 0.450000 0.035625 0.053333
3 0.507656 0.433889 0.032813 0.045556
3 0.570937 0.438611 0.035000 0.083889
5 0.528281 0.379167 0.054688 0.110556
5 0.475000 0.336944 0.039375 0.089444
5 0.253906 0.338056 0.042813 0.072778
4 0.092969 0.400000 0.060937 0.117778
3 0.350000 0.375833 0.030625 0.017222
3 0.698125 0.545278 0.082500 0.126111
3 0.341719 0.334722 0.020938 0.022778