3 0.157576 0.795082 0.166667 0.352459
4 0.761364 0.403689 0.213636 0.282787
3 0.066667 0.625000 0.121212 0.270492
3 0.213636 0.574795 0.093939 0.174180
3 0.250000 0.493852 0.084848 0.184426
3 0.161364 0.435451 0.083333 0.129098
3 0.286364 0.425205 0.072727 0.120902
3 0.285606 0.362705 0.065152 0.081967
3 0.731818 0.599385 0.166667 0.215164
3 0.479545 0.334016 0.071212 0.077869
3 0.379545 0.294057 0.043939 0.084016
3 0.309848 0.278689 0.056061 0.065574
3 0.363636 0.231557 0.033333 0.049180
3 0.378030 0.213115 0.019697 0.036885
3 0.393182 0.202869 0.022727 0.032787
3 0.446970 0.226434 0.015152 0.026639
3 0.442424 0.205943 0.024242 0.043033
4 0.630303 0.302254 0.081818 0.125000
3 0.614394 0.911885 0.186364 0.168033
2 0.445455 0.807377 0.075758 0.131148
2 0.539394 0.732582 0.063636 0.190574
2 0.434091 0.571721 0.037879 0.139344
2 0.474242 0.518443 0.042424 0.135246
2 0.269697 0.322746 0.030303 0.088115
4 0.140909 0.309426 0.060606 0.069672
4 0.246212 0.250000 0.077273 0.118852