3 0.249726 0.763295 0.156981 0.118147
3 0.089547 0.715186 0.122442 0.145833
3 0.902595 0.843887 0.122442 0.203673
3 0.800347 0.610883 0.068165 0.100603
3 0.890716 0.653098 0.086988 0.103893
3 0.918220 0.746573 0.113121 0.142270
3 0.927540 0.625822 0.075475 0.124452
3 0.934759 0.566064 0.089912 0.091009
3 0.961166 0.514529 0.065607 0.078399
3 0.728527 0.523575 0.055738 0.069627
3 0.798885 0.545779 0.087902 0.103618
3 0.841374 0.490543 0.074927 0.114857
3 0.703308 0.462308 0.065607 0.094024
3 0.715917 0.426809 0.058297 0.092654
3 0.814510 0.391584 0.064693 0.074287
3 0.753015 0.371162 0.058297 0.052632
3 0.766356 0.340872 0.044408 0.055647
3 0.670504 0.320450 0.035453 0.054825
3 0.708699 0.350466 0.051901 0.054002
2 0.867233 0.523575 0.059759 0.105263
2 0.774945 0.484512 0.041849 0.060033
2 0.793220 0.490954 0.048794 0.059211
2 0.908534 0.479441 0.049525 0.080592
2 0.943348 0.457511 0.068713 0.067982
2 0.874269 0.446409 0.047880 0.057840
2 0.936678 0.415707 0.041484 0.046875
2 0.790570 0.435033 0.046418 0.052632
2 0.825841 0.426398 0.038012 0.041393
4 0.873995 0.336486 0.124452 0.144463
2 0.828490 0.794682 0.051352 0.140899
2 0.665479 0.800439 0.084978 0.179276
2 0.132127 0.480537 0.053363 0.080044
2 0.253564 0.357867 0.027595 0.032072
2 0.316886 0.358690 0.033626 0.040844
2 0.365771 0.385005 0.055373 0.066612
2 0.416849 0.420504 0.050804 0.084430
2 0.483279 0.378975 0.039656 0.059485
4 0.336806 0.296738 0.074561 0.097862
4 0.412189 0.192982 0.035636 0.050439
3 0.506031 0.542763 0.077120 0.071272
3 0.611659 0.652686 0.098684 0.086623
3 0.624269 0.716831 0.116959 0.128838
3 0.621802 0.913240 0.175256 0.165844
3 0.460526 0.919545 0.136330 0.160910
3 0.304550 0.941338 0.141265 0.117325
3 0.106908 0.937363 0.158991 0.125274
3 0.164200 0.781661 0.086075 0.121985
3 0.316886 0.742736 0.080044 0.125822
3 0.358279 0.661732 0.087902 0.107456
3 0.466009 0.730948 0.084064 0.129112
3 0.470943 0.651590 0.097953 0.099232
3 0.365771 0.582785 0.097770 0.111294
3 0.230629 0.621985 0.095395 0.097588
3 0.241959 0.572780 0.084430 0.089638
3 0.185398 0.488624 0.078034 0.072643
3 0.223227 0.460389 0.046966 0.062226
3 0.260325 0.523438 0.059759 0.077029
3 0.337537 0.494929 0.062135 0.062774
3 0.421784 0.351837 0.042032 0.060033