3 0.635026 0.803009 0.165885 0.259722
3 0.338281 0.705556 0.158333 0.236111
3 0.351302 0.622917 0.173437 0.193056
3 0.452474 0.268981 0.078906 0.077778
3 0.359635 0.557407 0.145313 0.138889
3 0.614193 0.400000 0.118490 0.214815
3 0.360677 0.516204 0.120833 0.122222
3 0.619271 0.497685 0.104167 0.119444
3 0.195964 0.293981 0.060677 0.068519
3 0.401172 0.279398 0.078906 0.068981
3 0.404948 0.339352 0.088021 0.109259
3 0.504557 0.271991 0.060677 0.066204
3 0.397135 0.408565 0.086979 0.132870
3 0.664193 0.630324 0.127344 0.144907
3 0.080729 0.352083 0.078646 0.117130
3 0.137370 0.329861 0.075781 0.099537
3 0.229036 0.300231 0.046094 0.104167
3 0.248958 0.286806 0.026042 0.050463
3 0.709245 0.332176 0.065885 0.118056