3 0.593561 0.811929 0.104545 0.109018
3 0.262879 0.735731 0.105303 0.118721
3 0.365341 0.848174 0.096591 0.152968
3 0.817045 0.907249 0.134091 0.172945
3 0.789015 0.739155 0.104545 0.143836
3 0.632576 0.669235 0.087879 0.120434
3 0.678598 0.587043 0.057955 0.080479
3 0.698106 0.554509 0.063636 0.064498
3 0.782197 0.569920 0.057576 0.065639
3 0.780303 0.638984 0.075758 0.078196
3 0.929356 0.595320 0.044318 0.089041
3 0.950947 0.544806 0.043561 0.069064
3 0.818939 0.525685 0.057576 0.079909
3 0.802462 0.478311 0.037500 0.059361
3 0.837879 0.463185 0.029545 0.063356
3 0.895455 0.510559 0.036364 0.058790
3 0.895076 0.472317 0.046970 0.071347
3 0.895833 0.431221 0.044697 0.048516
3 0.762500 0.436073 0.034848 0.035388
3 0.819318 0.412386 0.035606 0.042808
3 0.401894 0.736016 0.097727 0.110160
3 0.422348 0.661815 0.056061 0.064498
3 0.515341 0.606735 0.067803 0.105023
3 0.563068 0.571062 0.045076 0.075913
3 0.597727 0.536530 0.047727 0.071918
3 0.622538 0.514555 0.032197 0.057648
3 0.633712 0.503425 0.032576 0.059361
3 0.651705 0.480023 0.029924 0.050228
3 0.705492 0.490868 0.039015 0.049087
3 0.630871 0.448916 0.031439 0.049658
3 0.616856 0.421233 0.029167 0.045662
3 0.608333 0.401826 0.023485 0.039954
3 0.160795 0.724886 0.089773 0.119863
3 0.102083 0.657534 0.060227 0.077626
3 0.229545 0.625000 0.056061 0.122146
3 0.305114 0.639840 0.064015 0.103881
3 0.348674 0.613584 0.056439 0.071918
3 0.389205 0.593322 0.080682 0.096461
3 0.375000 0.540525 0.054545 0.074201
3 0.406061 0.528824 0.049242 0.097603
3 0.424621 0.492295 0.039394 0.041667
3 0.433333 0.482021 0.031061 0.046233
3 0.441288 0.463756 0.030303 0.049658
3 0.461174 0.461758 0.021591 0.052511
3 0.474053 0.442352 0.040530 0.042237
3 0.285795 0.572203 0.082197 0.055365
3 0.144508 0.615868 0.062500 0.077626
3 0.191477 0.569349 0.054167 0.069064
3 0.224621 0.531963 0.055303 0.077626
3 0.270644 0.514269 0.024621 0.051370
3 0.235227 0.496290 0.034848 0.041667
3 0.294508 0.494863 0.041288 0.071918
3 0.332197 0.527397 0.037879 0.060502
3 0.358523 0.507705 0.048864 0.055365
3 0.334091 0.490582 0.036364 0.045091
4 0.096402 0.582192 0.172348 0.150685
4 0.299432 0.433790 0.083712 0.094749
4 0.348295 0.414384 0.053409 0.067352
3 0.383712 0.464897 0.028030 0.057648