3 0.509846 0.579750 0.178571 0.211500
3 0.844793 0.679000 0.162884 0.239000
3 0.267023 0.506750 0.168224 0.198500
3 0.354973 0.814250 0.236649 0.274500
3 0.916889 0.483250 0.141522 0.182500
3 0.717790 0.885500 0.215287 0.217000
3 0.603471 0.420500 0.124833 0.188000
3 0.641021 0.323250 0.148531 0.163500
3 0.548064 0.152250 0.082777 0.130500
3 0.196929 0.128500 0.128171 0.184000
3 0.534045 0.080750 0.093458 0.102500
3 0.723965 0.178750 0.104139 0.129500
3 0.687083 0.238000 0.114486 0.147000
3 0.871162 0.127250 0.080107 0.104500
5 0.908211 0.290000 0.166222 0.376000