3 0.482843 0.716912 0.119281 0.188725
3 0.086601 0.761029 0.120915 0.213235
3 0.358660 0.300245 0.070261 0.095588
3 0.394608 0.302696 0.080065 0.100490
3 0.707516 0.563725 0.160131 0.455882
3 0.298203 0.294118 0.066993 0.102941
3 0.321895 0.405637 0.088235 0.075980
3 0.496732 0.471814 0.104575 0.164216
3 0.576797 0.430147 0.088235 0.120098
3 0.562908 0.354167 0.070261 0.115196
3 0.584150 0.263480 0.083333 0.115196
3 0.596405 0.200980 0.052288 0.068627
3 0.616830 0.137255 0.044118 0.063725
3 0.231209 0.365196 0.093137 0.122549
3 0.265523 0.480392 0.102941 0.122549
3 0.203431 0.613971 0.093137 0.139706
2 0.074346 0.389706 0.060458 0.098039
2 0.194444 0.303922 0.029412 0.049020
2 0.581699 0.633578 0.068627 0.120098
2 0.771242 0.367647 0.042484 0.088235
2 0.822712 0.422794 0.044118 0.080882
2 0.859477 0.392157 0.039216 0.063725
2 0.811275 0.170343 0.031046 0.051471
2 0.793301 0.133578 0.034314 0.061275
2 0.709967 0.205882 0.044118 0.068627
2 0.776144 0.232843 0.049020 0.088235
5 0.727124 0.127451 0.062092 0.142157
5 0.692810 0.379902 0.124183 0.225490
5 0.388889 0.149510 0.078431 0.107843
3 0.456699 0.189951 0.053922 0.071078
3 0.468954 0.158088 0.058824 0.071078
3 0.514706 0.071078 0.042484 0.053922
3 0.651961 0.083333 0.039216 0.053922
5 0.413399 0.069853 0.084967 0.110294
2 0.138889 0.310049 0.035948 0.090686