0 0.314750 0.755255 0.023500 0.084084
4 0.374750 0.213589 0.205500 0.240991
4 0.406000 0.265390 0.175000 0.228979
4 0.616750 0.695195 0.194500 0.367868
4 0.802750 0.404655 0.148500 0.318318
3 0.312500 0.460210 0.095000 0.165165
3 0.436250 0.481982 0.095500 0.136637
3 0.500000 0.591216 0.100000 0.192943
3 0.571750 0.446697 0.093500 0.159159
3 0.632500 0.518018 0.077000 0.103604
3 0.454750 0.373874 0.085500 0.109610
3 0.541500 0.307432 0.088000 0.147898
3 0.600000 0.229354 0.064000 0.117868
3 0.660500 0.153904 0.080000 0.126126
3 0.282750 0.899775 0.109500 0.164414
2 0.207500 0.713964 0.094000 0.096096
2 0.381750 0.893393 0.047500 0.147147
2 0.050750 0.596096 0.078500 0.075075
2 0.777750 0.805556 0.042500 0.093093
0 0.196750 0.551802 0.033500 0.084084
0 0.144000 0.560811 0.035000 0.091592
0 0.343000 0.540165 0.033000 0.065315
0 0.374000 0.603604 0.033000 0.069069
0 0.381750 0.713213 0.046500 0.084084
0 0.278000 0.744745 0.039000 0.084084
0 0.421000 0.815315 0.030000 0.073574
0 0.654750 0.839339 0.020500 0.069069
0 0.816250 0.891892 0.042500 0.091592
0 0.904500 0.751126 0.050000 0.078829
0 0.775500 0.673048 0.028000 0.051802
0 0.803250 0.670045 0.030500 0.089339
0 0.741750 0.566817 0.043500 0.102102
0 0.785750 0.575826 0.051500 0.097598
0 0.707750 0.499625 0.045500 0.065315
0 0.880250 0.579204 0.019500 0.081832
0 0.849000 0.683934 0.040000 0.099099
0 0.951000 0.676426 0.038000 0.144144