0 0.107555 0.379510 0.045934 0.176546
0 0.051330 0.693943 0.052460 0.179983
0 0.820909 0.828608 0.077058 0.243986
2 0.649473 0.860825 0.087600 0.227663
2 0.265939 0.851804 0.113705 0.216495
2 0.400728 0.740550 0.087098 0.206186
2 0.533886 0.815936 0.080823 0.160223
2 0.517821 0.760524 0.097892 0.146478
2 0.104920 0.833978 0.106928 0.199742
2 0.152610 0.708119 0.094880 0.136168
2 0.197415 0.604811 0.083082 0.128866
2 0.337977 0.638316 0.080572 0.138316
2 0.503765 0.644974 0.081827 0.118127
2 0.740838 0.741838 0.069528 0.146907
2 0.834714 0.877148 0.113705 0.214777
2 0.892696 0.726375 0.089608 0.134021
2 0.703690 0.623926 0.067018 0.104381
2 0.616215 0.589347 0.073293 0.128007
2 0.687626 0.544674 0.052460 0.085911
2 0.762927 0.528351 0.067520 0.098797
2 0.826431 0.492053 0.072540 0.140464
2 0.877134 0.503222 0.054468 0.105241
2 0.522967 0.547036 0.054970 0.110395
2 0.488705 0.507302 0.052711 0.123711
2 0.416039 0.521263 0.059488 0.114691
2 0.316265 0.532861 0.066767 0.116409
2 0.174824 0.439863 0.084086 0.088488
2 0.246611 0.453393 0.061496 0.118986
2 0.331325 0.405928 0.048695 0.084192
2 0.372615 0.463918 0.037902 0.119416
2 0.436621 0.429768 0.034890 0.112113
2 0.627134 0.429338 0.043926 0.104381
2 0.651355 0.487758 0.050201 0.103522
3 0.620356 0.241409 0.086596 0.124570
3 0.693399 0.230241 0.086596 0.098797
3 0.742595 0.224656 0.087600 0.089347
3 0.811872 0.217784 0.107179 0.085911
3 0.489709 0.226375 0.050703 0.075601
3 0.444403 0.245275 0.088102 0.085052
3 0.374874 0.238617 0.082580 0.108677
3 0.258283 0.240335 0.095382 0.112113