3 0.806944 0.892969 0.280556 0.210938
3 0.176389 0.678646 0.171296 0.145833
3 0.357870 0.875521 0.228704 0.208333
3 0.685185 0.716146 0.162963 0.105208
3 0.088889 0.876563 0.157407 0.246875
3 0.415741 0.726562 0.129630 0.123958
3 0.436574 0.660937 0.143519 0.083333
3 0.453704 0.584896 0.122222 0.068750
3 0.289352 0.605990 0.117593 0.082812
3 0.322222 0.571354 0.087037 0.055208
3 0.481481 0.550000 0.085185 0.057292
3 0.334259 0.529427 0.087037 0.048438
3 0.384722 0.514583 0.073148 0.040625
3 0.393519 0.500000 0.057407 0.028125
3 0.473611 0.534896 0.073148 0.037500
3 0.666204 0.632812 0.163889 0.087500
4 0.607870 0.550000 0.137963 0.096875
4 0.542593 0.477344 0.077778 0.039062