5 0.858437 0.657778 0.123125 0.190000
5 0.710156 0.584444 0.102188 0.188889
5 0.556094 0.496944 0.057813 0.109444
5 0.212344 0.552778 0.061562 0.124444
5 0.289219 0.513333 0.035937 0.082222
5 0.127500 0.552222 0.051250 0.123333
4 0.092188 0.627778 0.084375 0.120000
3 0.814375 0.870000 0.116250 0.140000
3 0.686250 0.756667 0.074375 0.094444
3 0.787031 0.745833 0.078437 0.096111
3 0.617500 0.679167 0.059375 0.063889
3 0.571094 0.636389 0.052187 0.056111
3 0.602812 0.606944 0.045625 0.073889
3 0.626719 0.573333 0.057188 0.087778
3 0.516875 0.576667 0.034375 0.064444
3 0.573125 0.575833 0.045000 0.056111
3 0.389062 0.918889 0.117500 0.162222
3 0.484531 0.775278 0.083437 0.107222
3 0.460938 0.708611 0.064375 0.081667
3 0.273281 0.739167 0.064687 0.106111
3 0.364531 0.713333 0.065312 0.088889
3 0.430781 0.647222 0.063437 0.081111
3 0.115937 0.824722 0.073750 0.157222
3 0.276719 0.641389 0.042813 0.075000
3 0.287813 0.584444 0.035000 0.058889
3 0.334688 0.607222 0.042500 0.062222
3 0.344219 0.575278 0.037812 0.056111
3 0.392813 0.584444 0.035625 0.065556
3 0.389219 0.553611 0.033438 0.041667
3 0.322188 0.528611 0.025625 0.048333
3 0.325469 0.503056 0.020313 0.045000
3 0.370625 0.537222 0.023750 0.042222
3 0.379844 0.518056 0.033438 0.051667
3 0.475000 0.541944 0.025000 0.042778
3 0.421406 0.465833 0.015938 0.028333