3 0.114062 0.913026 0.225000 0.151294
3 0.706250 0.873786 0.220312 0.119741
5 0.462891 0.589671 0.214062 0.174488
3 0.714648 0.721143 0.213672 0.142934
3 0.318164 0.784385 0.225391 0.190129
3 0.065820 0.709817 0.129297 0.119202
3 0.828125 0.578074 0.153906 0.081715
3 0.597070 0.488943 0.119141 0.078749
3 0.415234 0.464132 0.098437 0.050162
3 0.540430 0.421926 0.093359 0.062837
3 0.656641 0.444714 0.117188 0.062028
3 0.783008 0.460761 0.090234 0.082255
3 0.802734 0.430556 0.114062 0.060680
3 0.800977 0.408037 0.101953 0.063646
3 0.797852 0.377157 0.093359 0.047195
3 0.643750 0.407632 0.078125 0.045038
3 0.663281 0.378776 0.097656 0.041262
3 0.556445 0.343986 0.087891 0.045038
3 0.674023 0.364887 0.082422 0.042071
3 0.657813 0.324569 0.071875 0.050971
3 0.765820 0.338323 0.076953 0.042880
3 0.732031 0.309466 0.055469 0.039105
3 0.548633 0.306095 0.051172 0.038296
3 0.570898 0.294903 0.076172 0.045577
3 0.485156 0.259304 0.041406 0.031553
3 0.506836 0.250674 0.023828 0.018608
3 0.558984 0.254854 0.075781 0.028587
4 0.638672 0.284385 0.103125 0.069849