3 0.655078 0.853286 0.317188 0.293427
3 0.399219 0.495599 0.178125 0.168427
3 0.691211 0.096831 0.247266 0.174883
0 0.954883 0.578638 0.041016 0.200704
3 0.287500 0.656690 0.241406 0.242958
0 0.833789 0.459800 0.032422 0.171948
0 0.883203 0.584214 0.032813 0.175469
3 0.285352 0.220657 0.192578 0.181925
3 0.706445 0.510857 0.254297 0.183685
0 0.471094 0.651115 0.049219 0.242371
0 0.938477 0.568955 0.030078 0.133216
0 0.894336 0.472418 0.030859 0.118545
2 0.491406 0.343016 0.245312 0.247066
2 0.141797 0.455986 0.191406 0.190141
2 0.253516 0.374120 0.167187 0.175469
2 0.092969 0.270833 0.162500 0.169601
2 0.654297 0.634977 0.230469 0.211268
0 0.802539 0.737676 0.060547 0.193662
0 0.440039 0.889965 0.091016 0.220070
0 0.321484 0.825704 0.077344 0.169014
0 0.133398 0.743838 0.063672 0.129695
0 0.218750 0.764965 0.043750 0.175469
0 0.246484 0.762911 0.042188 0.117371
0 0.447461 0.677817 0.046484 0.178404
0 0.688477 0.405223 0.033984 0.061620
0 0.519922 0.551937 0.042188 0.139085
0 0.492188 0.495305 0.053906 0.099765
0 0.208789 0.520540 0.037109 0.077465
0 0.158398 0.527289 0.052734 0.164906
0 0.083008 0.507629 0.072266 0.174883
0 0.741797 0.574237 0.039062 0.110915
0 0.627344 0.676056 0.102344 0.115023