3 0.105371 0.882506 0.181055 0.234988
3 0.914941 0.830576 0.170117 0.262255
3 0.369434 0.885570 0.170508 0.228860
3 0.202832 0.736060 0.150977 0.140625
3 0.654004 0.684896 0.139648 0.200674
3 0.829785 0.574755 0.142773 0.136029
3 0.937695 0.339154 0.105469 0.127451
3 0.455664 0.753676 0.148047 0.161765
3 0.501172 0.488205 0.117188 0.146140
3 0.828809 0.522518 0.135742 0.141850
3 0.296387 0.504902 0.134180 0.091299
3 0.917090 0.723499 0.150586 0.139400
3 0.400879 0.360447 0.084570 0.079350
3 0.314551 0.477328 0.114258 0.087623
3 0.398047 0.395374 0.085547 0.091605
4 0.650684 0.542279 0.122852 0.152574
4 0.642676 0.407016 0.096289 0.113664
4 0.629297 0.296109 0.049609 0.094669
4 0.703906 0.348346 0.091016 0.132353
4 0.785937 0.405178 0.080078 0.094669
4 0.762988 0.278952 0.066211 0.136949
4 0.650000 0.253064 0.057813 0.088235
4 0.649316 0.203738 0.044727 0.061275
4 0.555371 0.330576 0.107617 0.142770
4 0.426563 0.316636 0.082422 0.140625
4 0.437500 0.251685 0.069922 0.104473
4 0.535254 0.275123 0.074805 0.098039
3 0.473535 0.225490 0.058008 0.080882
3 0.063379 0.423407 0.114258 0.105392
3 0.119238 0.371017 0.114258 0.105392
3 0.057227 0.364277 0.114062 0.105392
3 0.099512 0.306373 0.114258 0.105392
3 0.224902 0.272978 0.114258 0.105392
3 0.272754 0.223958 0.114258 0.105392
3 0.144434 0.217371 0.068945 0.094669
3 0.031934 0.278186 0.057227 0.088848
3 0.210547 0.179841 0.049609 0.074755
3 0.250586 0.191023 0.058203 0.059743
3 0.325586 0.199755 0.037500 0.064951
3 0.344629 0.169884 0.062305 0.076900
3 0.758398 0.262408 0.067578 0.097733
3 0.757129 0.211244 0.052930 0.077512
3 0.720996 0.194853 0.076758 0.080882
3 0.832227 0.206036 0.063672 0.077512
3 0.891016 0.509498 0.126172 0.112132