3 0.618464 0.856618 0.132353 0.208333
3 0.487745 0.925245 0.155229 0.149510
3 0.508170 0.683824 0.098039 0.181373
3 0.384804 0.863971 0.168301 0.198529
3 0.517157 0.571078 0.109477 0.132353
3 0.799837 0.911765 0.161765 0.171569
4 0.169118 0.410539 0.151961 0.242647
3 0.301471 0.925245 0.289216 0.149510
3 0.652778 0.595588 0.096405 0.147059
3 0.948529 0.558824 0.076797 0.151961
3 0.282680 0.492647 0.078431 0.132353
4 0.303922 0.343137 0.107843 0.156863
4 0.279412 0.237745 0.078431 0.098039
5 0.091503 0.656863 0.166667 0.274510
3 0.326797 0.698529 0.107843 0.147059
3 0.232843 0.810049 0.148693 0.164216
3 0.358660 0.620098 0.112745 0.142157
3 0.545752 0.491422 0.084967 0.090686
3 0.632353 0.443627 0.071895 0.093137
3 0.658497 0.500000 0.091503 0.063725
3 0.526961 0.425245 0.070261 0.066176
3 0.520425 0.377451 0.053922 0.058824
3 0.861111 0.452206 0.088235 0.110294
3 0.908497 0.485294 0.075163 0.093137
3 0.799837 0.392157 0.057190 0.088235
3 0.765523 0.350490 0.050654 0.073529
3 0.698529 0.307598 0.060458 0.075980
2 0.759804 0.273284 0.045752 0.061275
2 0.804739 0.268382 0.027778 0.075980
2 0.902778 0.382353 0.047386 0.073529
3 0.873366 0.356618 0.066993 0.080882
2 0.556373 0.199755 0.021242 0.056373
5 0.401144 0.327206 0.083333 0.149510