4 0.250600 0.182000 0.160671 0.168000
3 0.685851 0.785000 0.141487 0.198000
0 0.953237 0.677000 0.043165 0.194000
0 0.929856 0.677000 0.049161 0.162000
4 0.149880 0.542000 0.292566 0.296000
4 0.638489 0.159000 0.109113 0.146000
3 0.377098 0.857000 0.183453 0.270000
3 0.422062 0.648000 0.086331 0.164000
3 0.392686 0.513000 0.101918 0.146000
3 0.600120 0.527000 0.097122 0.154000
3 0.372902 0.387000 0.117506 0.126000
3 0.476619 0.391000 0.092326 0.114000
3 0.197842 0.336000 0.110312 0.092000
3 0.511990 0.280000 0.064748 0.072000
3 0.542566 0.329000 0.061151 0.066000
3 0.622302 0.384000 0.083933 0.076000
3 0.550360 0.422000 0.079137 0.128000
3 0.782374 0.385000 0.097122 0.122000
3 0.799760 0.491000 0.055156 0.110000
3 0.827938 0.606000 0.104317 0.152000
3 0.623501 0.282000 0.086331 0.104000
3 0.670863 0.221000 0.070743 0.082000
3 0.739808 0.231000 0.033573 0.074000
3 0.767386 0.253000 0.055156 0.082000
3 0.386091 0.261000 0.086331 0.086000
3 0.462230 0.222000 0.075540 0.056000
3 0.461631 0.154000 0.062350 0.052000
3 0.546163 0.137000 0.051559 0.046000
3 0.420264 0.209000 0.075540 0.118000