5 0.652218 0.784106 0.382560 0.187164
5 0.500126 0.618784 0.244204 0.138777
5 0.246724 0.711694 0.136089 0.109543
5 0.471396 0.487231 0.208921 0.067204
5 0.414819 0.539483 0.115927 0.077621
3 0.297379 0.614583 0.059476 0.053091
3 0.325101 0.569052 0.050907 0.035282
3 0.350302 0.598790 0.056452 0.040995
3 0.116053 0.842238 0.098538 0.069556
3 0.066532 0.752016 0.055444 0.034946
3 0.142893 0.717910 0.061492 0.044691
3 0.158518 0.680612 0.060484 0.044691
3 0.262097 0.536626 0.051411 0.038978
3 0.904234 0.399530 0.106855 0.060484
3 0.645287 0.560820 0.107611 0.063172
3 0.841734 0.705813 0.136593 0.084341
3 0.454511 0.710181 0.100050 0.066196