4 0.183984 0.420764 0.255469 0.164396
3 0.292578 0.474082 0.146875 0.103377
3 0.732031 0.325385 0.042969 0.029917
3 0.701953 0.367891 0.046875 0.036137
3 0.362500 0.308501 0.117188 0.086789
3 0.675977 0.281398 0.099609 0.065166
3 0.149609 0.629887 0.242188 0.172690
3 0.418164 0.743483 0.185547 0.266588
3 0.764453 0.699200 0.227344 0.202903
3 0.829883 0.519105 0.149609 0.119964
3 0.919336 0.469639 0.142578 0.096268
3 0.491016 0.496297 0.141406 0.105154
3 0.367969 0.396179 0.096875 0.087382
3 0.509180 0.420320 0.080078 0.076422
3 0.653125 0.466677 0.129688 0.105154
3 0.610156 0.395142 0.063281 0.055687
3 0.531055 0.364781 0.069141 0.058353
3 0.432422 0.342565 0.067187 0.051244
3 0.450000 0.312204 0.028125 0.031991
3 0.528516 0.309982 0.050781 0.039396
3 0.600391 0.333975 0.038281 0.028140
3 0.637109 0.308945 0.031250 0.044431
3 0.591602 0.311463 0.051953 0.039396
3 0.536914 0.284360 0.030078 0.029621
3 0.544727 0.267773 0.030078 0.029028
3 0.578516 0.287026 0.027344 0.031991
3 0.627344 0.291914 0.042969 0.042950
3 0.455859 0.295172 0.035937 0.030509
3 0.444727 0.275178 0.044922 0.034953
3 0.071094 0.469935 0.096875 0.098637
3 0.047266 0.343306 0.058594 0.031991