3 0.665000 0.831452 0.135714 0.165054
3 0.750357 0.681452 0.124286 0.122043
3 0.938214 0.919624 0.123571 0.160753
3 0.447857 0.926613 0.169286 0.146774
3 0.437321 0.705914 0.092500 0.137634
3 0.552679 0.648387 0.084643 0.119355
3 0.609107 0.541667 0.083929 0.081183
3 0.399107 0.625000 0.081786 0.080108
3 0.395000 0.552151 0.087143 0.094624
3 0.384821 0.485215 0.078214 0.090860
3 0.359821 0.424194 0.049643 0.067742
3 0.369464 0.382796 0.061071 0.069892
3 0.365536 0.346774 0.042500 0.078495
3 0.353571 0.309140 0.030714 0.050538
3 0.354643 0.286022 0.030714 0.048387
3 0.511607 0.544355 0.058214 0.094086
3 0.478214 0.501344 0.069286 0.071505
3 0.467679 0.444086 0.046786 0.053763
3 0.441786 0.406452 0.054286 0.086022
3 0.422500 0.345968 0.042857 0.079032
3 0.552321 0.455376 0.068214 0.088172
3 0.537143 0.418011 0.041429 0.057527
3 0.512321 0.386290 0.046071 0.061828
3 0.494464 0.358333 0.036786 0.050000
3 0.461429 0.330376 0.038571 0.039247
3 0.402857 0.298387 0.032143 0.035484
3 0.442500 0.302688 0.031429 0.039785