3 0.335417 0.908438 0.140000 0.168750
3 0.618646 0.742188 0.138958 0.136875
3 0.169167 0.868281 0.117500 0.153438
3 0.254583 0.501094 0.107500 0.088438
3 0.306563 0.648438 0.107708 0.115625
3 0.229271 0.582500 0.107708 0.115625
3 0.053854 0.587812 0.107292 0.115625
3 0.078229 0.482187 0.107708 0.115625
3 0.299167 0.434688 0.107500 0.115625
3 0.290833 0.370937 0.107500 0.115625
3 0.343958 0.318125 0.107500 0.115625
3 0.298750 0.287187 0.107500 0.115625
3 0.496250 0.719375 0.107500 0.115625
3 0.487500 0.629687 0.107500 0.115625
3 0.571458 0.560625 0.107500 0.115625
3 0.464792 0.530937 0.107500 0.115625
3 0.537708 0.461250 0.107500 0.115625
3 0.435625 0.433750 0.107500 0.115625
3 0.739688 0.645781 0.108125 0.122188
3 0.826771 0.587031 0.099792 0.123438
3 0.955937 0.601094 0.088125 0.092188
3 0.767917 0.528906 0.088333 0.095312
3 0.851562 0.493906 0.066042 0.090938
3 0.732083 0.470938 0.085833 0.089375
3 0.633750 0.459688 0.082917 0.096875
3 0.606667 0.401250 0.054583 0.075000
3 0.669792 0.379844 0.067500 0.095937
3 0.736458 0.382656 0.049167 0.061562
3 0.901146 0.396562 0.079792 0.086250
3 0.516250 0.407969 0.055000 0.073438
4 0.186667 0.360312 0.085417 0.143750