3 0.908218 0.623217 0.152083 0.177247
3 0.187963 0.558488 0.114352 0.131241
3 0.610648 0.692225 0.108796 0.156919
3 0.228704 0.362518 0.084259 0.070970
4 0.703935 0.304387 0.124074 0.188659
3 0.273495 0.308666 0.072917 0.069544
4 0.633449 0.158524 0.053472 0.063124
4 0.502315 0.190264 0.044907 0.098787
4 0.286227 0.195613 0.083565 0.095934
4 0.364699 0.171184 0.062731 0.070613
4 0.160185 0.281384 0.148611 0.124822
2 0.073380 0.389622 0.047222 0.100214
3 0.109028 0.494650 0.102315 0.144080
3 0.430903 0.603959 0.118287 0.188659
3 0.380556 0.788516 0.160185 0.194009
3 0.760301 0.663338 0.134491 0.172611
3 0.728241 0.548146 0.126389 0.136947
3 0.788773 0.504815 0.130787 0.134451
3 0.543634 0.436341 0.086806 0.119472
3 0.595602 0.530670 0.100463 0.143367
3 0.619907 0.425464 0.093981 0.108417
3 0.390856 0.511412 0.121991 0.128388
3 0.448032 0.444544 0.087731 0.119472
3 0.366551 0.396220 0.073380 0.088445
3 0.335648 0.358773 0.049074 0.054922
3 0.385532 0.337375 0.062269 0.088445
3 0.480787 0.396933 0.058796 0.084165
3 0.508102 0.355029 0.058333 0.096648
3 0.546875 0.326320 0.049306 0.109130
3 0.599421 0.354315 0.065509 0.096648
3 0.588889 0.305635 0.056019 0.069187
3 0.499769 0.291548 0.057870 0.076676
3 0.574190 0.272825 0.065046 0.076320
3 0.618519 0.258916 0.048611 0.072040
3 0.417014 0.305635 0.075694 0.085592
3 0.415972 0.267297 0.035185 0.047432
3 0.312500 0.293331 0.049074 0.083096
3 0.348727 0.266583 0.031713 0.077389
3 0.360301 0.228067 0.033565 0.044579
3 0.380324 0.207739 0.026389 0.043153