3 0.175336 0.772536 0.161986 0.319712
3 0.105716 0.524038 0.162777 0.203726
3 0.429885 0.691556 0.122033 0.274339
3 0.296282 0.434796 0.096915 0.128005
3 0.747627 0.469201 0.117089 0.166767
3 0.830498 0.605168 0.152294 0.189303
3 0.433149 0.429838 0.095332 0.151743
3 0.225079 0.294922 0.165348 0.163762
3 0.691357 0.361629 0.097112 0.112680
3 0.710047 0.818810 0.184335 0.347957
3 0.909810 0.822867 0.180380 0.354267
3 0.926820 0.512320 0.132516 0.278846
3 0.865309 0.391076 0.113133 0.160757
3 0.763647 0.333534 0.106804 0.117788
3 0.663568 0.267428 0.074763 0.101562
3 0.741396 0.262921 0.078125 0.071514
3 0.622528 0.231821 0.059929 0.076623
3 0.692939 0.219050 0.050435 0.090144
3 0.601266 0.173528 0.060918 0.059195
3 0.657338 0.173077 0.044502 0.069111
3 0.585443 0.136719 0.041139 0.060697
3 0.634197 0.549429 0.133505 0.202825
3 0.579707 0.408654 0.104826 0.144832
3 0.554589 0.275691 0.071203 0.101262
3 0.449960 0.279447 0.045886 0.071514
3 0.362144 0.272236 0.059335 0.117188
3 0.287975 0.212290 0.043513 0.088642
3 0.172369 0.225361 0.066258 0.071514
3 0.326839 0.160757 0.044106 0.071514
3 0.384197 0.197566 0.040150 0.059195
3 0.450752 0.207332 0.049446 0.068510
3 0.391119 0.142728 0.042128 0.050481
3 0.455103 0.162260 0.043513 0.083534
3 0.540447 0.187350 0.053995 0.088642
3 0.511768 0.134766 0.033030 0.052584
3 0.453422 0.107873 0.040150 0.045072
3 0.349288 0.111629 0.033623 0.043570
3 0.280657 0.138221 0.049446 0.059495
3 0.346123 0.106671 0.028085 0.047476
3 0.329608 0.089844 0.032634 0.060096
3 0.294699 0.096454 0.032041 0.039062
3 0.381922 0.078876 0.031646 0.038161
3 0.412678 0.100361 0.028679 0.042067
3 0.420293 0.085186 0.034019 0.040565
3 0.493671 0.096454 0.045491 0.051082
3 0.488232 0.075871 0.026701 0.041166
3 0.544897 0.098858 0.035206 0.045072
3 0.595036 0.117488 0.046479 0.078125