3 0.119336 0.732350 0.201953 0.168403
3 0.651172 0.578125 0.172656 0.105324
3 0.426172 0.594907 0.271875 0.135417
3 0.801562 0.532407 0.108594 0.083333
3 0.585352 0.781829 0.275391 0.200231
3 0.490234 0.570602 0.153125 0.081019
3 0.893359 0.541088 0.114844 0.106481
3 0.695312 0.509259 0.125000 0.092593
3 0.816406 0.872685 0.296875 0.236111
3 0.251953 0.620370 0.203125 0.130787
2 0.453125 0.692708 0.098437 0.116898
2 0.656836 0.629919 0.084766 0.112847
0 0.675586 0.446470 0.026953 0.068866
0 0.706641 0.443866 0.034375 0.056713
0 0.745703 0.430266 0.039062 0.070023
0 0.754102 0.433738 0.026953 0.056134
0 0.782227 0.426505 0.022266 0.053241
0 0.793750 0.441262 0.025781 0.052662
0 0.810352 0.438368 0.032422 0.080440
0 0.824023 0.428241 0.033984 0.055556
0 0.821094 0.413773 0.017969 0.053241
0 0.837891 0.424769 0.028906 0.045139
0 0.861133 0.423032 0.037891 0.062500
0 0.896484 0.429398 0.019531 0.049769
0 0.918750 0.424190 0.035156 0.065972
0 0.946484 0.421586 0.025000 0.058449
0 0.925195 0.403935 0.026953 0.060185
0 0.952734 0.401331 0.027344 0.053819
0 0.455078 0.416377 0.043750 0.065394