3 0.291250 0.325926 0.077500 0.091852
3 0.656667 0.824444 0.176667 0.351111
3 0.887083 0.845185 0.225833 0.306667
3 0.740000 0.616296 0.151667 0.228148
3 0.691250 0.428148 0.094167 0.154074
3 0.630833 0.327407 0.046667 0.097778
3 0.614167 0.241481 0.083333 0.165926
3 0.575417 0.164444 0.047500 0.094815
3 0.592083 0.491852 0.090833 0.168889
3 0.559583 0.345926 0.067500 0.134815
3 0.536250 0.271852 0.060833 0.108148
3 0.520833 0.217778 0.045000 0.074074
3 0.473750 0.591111 0.097500 0.198519
3 0.284167 0.755556 0.150000 0.314074
3 0.317083 0.500741 0.095833 0.192593
3 0.459167 0.434815 0.073333 0.164444
3 0.362917 0.351111 0.067500 0.130370
3 0.239167 0.435556 0.090000 0.177778
3 0.174167 0.574815 0.135000 0.290370
3 0.467500 0.288148 0.073333 0.134815
3 0.387500 0.251111 0.053333 0.117037
3 0.312500 0.251111 0.060000 0.087407
3 0.338750 0.209630 0.047500 0.108148
3 0.347500 0.168148 0.036667 0.081481
3 0.397083 0.191111 0.044167 0.088889
3 0.460417 0.220741 0.044167 0.071111
3 0.459167 0.166667 0.035000 0.057778
3 0.407500 0.197037 0.041667 0.077037
3 0.414583 0.115556 0.032500 0.065185
3 0.467500 0.124444 0.028333 0.068148
3 0.548750 0.114815 0.029167 0.048889
3 0.526667 0.063704 0.023333 0.038519
3 0.467500 0.094074 0.033333 0.072593
3 0.431250 0.096296 0.034167 0.068148