3 0.485814 0.812250 0.092457 0.164500
3 0.499499 0.945000 0.113818 0.104000
3 0.508011 0.462750 0.050067 0.060500
3 0.554740 0.423500 0.052737 0.062000
0 0.316088 0.693750 0.020027 0.077500
0 0.362817 0.691500 0.030040 0.077000
0 0.356809 0.656250 0.036716 0.073500
0 0.399533 0.703000 0.040721 0.094000
0 0.398698 0.695000 0.031709 0.086000
0 0.430908 0.684500 0.021362 0.066000
0 0.455941 0.708500 0.024700 0.101000
0 0.483979 0.696500 0.024032 0.063000
0 0.496996 0.638250 0.020694 0.049500
0 0.528705 0.634250 0.022697 0.055500
0 0.527704 0.685750 0.022697 0.055500
0 0.559079 0.693500 0.024032 0.096000
0 0.574266 0.645000 0.027036 0.067000
0 0.616822 0.699750 0.034713 0.098500
0 0.612984 0.688500 0.019025 0.067000
0 0.611983 0.648250 0.020360 0.057500
0 0.606142 0.602000 0.020027 0.035000
0 0.632176 0.645250 0.018024 0.071500
0 0.652537 0.678000 0.037383 0.068000
0 0.692590 0.719500 0.036716 0.077000
0 0.655374 0.634000 0.024366 0.062000
0 0.687917 0.635750 0.039386 0.061500
0 0.711115 0.613750 0.026368 0.064500
0 0.796729 0.709750 0.026702 0.078500
0 0.807243 0.659500 0.020360 0.066000
0 0.827270 0.646500 0.028371 0.093000
0 0.856475 0.662000 0.026035 0.071000
0 0.263518 0.700250 0.028371 0.082500
0 0.281208 0.665500 0.031041 0.066000