3 0.041776 0.926480 0.083114 0.110197
3 0.730044 0.724342 0.090351 0.108553
3 0.594956 0.582566 0.074123 0.098684
3 0.808004 0.551316 0.060746 0.082237
3 0.940899 0.576316 0.065132 0.075658
3 0.875329 0.511678 0.067763 0.077961
3 0.818092 0.474836 0.048904 0.057566
3 0.583224 0.472204 0.063816 0.062829
3 0.624452 0.415954 0.035307 0.045066
3 0.672259 0.390132 0.031360 0.039474
3 0.577741 0.374507 0.030921 0.044408
3 0.778180 0.404441 0.033991 0.050329
3 0.266996 0.921053 0.089254 0.132237
3 0.274781 0.817928 0.068860 0.096382
3 0.289474 0.744572 0.081140 0.106908
3 0.093092 0.816776 0.092325 0.131579
3 0.153838 0.751645 0.086184 0.115132
3 0.173904 0.682072 0.062281 0.150987
3 0.216996 0.628618 0.093640 0.153289
3 0.259101 0.596875 0.060307 0.101645
3 0.326096 0.644079 0.060965 0.088158
3 0.375110 0.610691 0.067325 0.091776
3 0.382018 0.533388 0.043860 0.086513
3 0.409539 0.483553 0.049342 0.054605
3 0.426974 0.441941 0.036404 0.074013
3 0.435965 0.403618 0.037281 0.055921
3 0.300439 0.508388 0.052193 0.062171
3 0.330044 0.469408 0.054825 0.075658
3 0.076425 0.658553 0.052851 0.087500
3 0.117763 0.598355 0.047807 0.086842
3 0.168640 0.550493 0.053947 0.095724
3 0.189035 0.512500 0.052632 0.080921
3 0.244298 0.479276 0.051754 0.082895
3 0.052522 0.563322 0.042763 0.068750
3 0.100219 0.523684 0.054825 0.075000
3 0.126754 0.494572 0.037719 0.064145
3 0.135526 0.469737 0.036404 0.071711
3 0.192544 0.465296 0.036842 0.056908
3 0.034539 0.510197 0.037939 0.053947
3 0.064693 0.478783 0.042544 0.058224
3 0.120504 0.434704 0.028289 0.055592
3 0.154386 0.411842 0.037281 0.048684
4 0.347807 0.408553 0.073246 0.136184
4 0.281031 0.395724 0.064254 0.125658
4 0.225219 0.383388 0.069298 0.106908
4 0.327083 0.305592 0.045833 0.087500
5 0.300110 0.339803 0.045833 0.070395
5 0.330373 0.291118 0.048465 0.075000
5 0.408772 0.257566 0.039912 0.070395
5 0.434320 0.227138 0.034868 0.047039
5 0.454276 0.225658 0.034868 0.042763
3 0.385417 0.404441 0.033991 0.062171
3 0.451096 0.362500 0.032895 0.055921
3 0.404167 0.362500 0.025439 0.032237