3 0.592971 0.816750 0.165166 0.307500
3 0.125693 0.361250 0.151662 0.126500
3 0.176939 0.302250 0.158587 0.117500
3 0.491690 0.178000 0.045014 0.064000
3 0.439231 0.178500 0.053670 0.062000
3 0.455679 0.165000 0.027008 0.041000
3 0.470395 0.150750 0.033587 0.045500
2 0.360111 0.884750 0.123961 0.217500
2 0.747576 0.729750 0.047091 0.145500
2 0.673303 0.659250 0.059211 0.101500
2 0.379155 0.541500 0.065097 0.118000
2 0.525450 0.535000 0.049515 0.115000
2 0.600242 0.581000 0.062673 0.145000
2 0.673996 0.543000 0.068906 0.113000
2 0.726801 0.551250 0.047784 0.122500
2 0.721780 0.304750 0.072368 0.063500
0 0.468144 0.424250 0.037396 0.137500
0 0.509349 0.401750 0.024238 0.118500
0 0.534280 0.430000 0.044321 0.113000
0 0.279259 0.208750 0.027355 0.062500
2 0.380021 0.181750 0.016967 0.049500
2 0.403913 0.182750 0.021122 0.048500