3 0.064317 0.564638 0.109738 0.107566
3 0.755905 0.450987 0.084847 0.120395
3 0.771530 0.497697 0.085574 0.096053
3 0.225927 0.476151 0.109920 0.107566
3 0.030432 0.419737 0.060501 0.115789
3 0.214753 0.321711 0.060683 0.115789
3 0.287336 0.345724 0.061955 0.098684
3 0.239644 0.290461 0.047602 0.072368
3 0.299055 0.233553 0.034884 0.059868
3 0.154887 0.269408 0.039062 0.059211
3 0.182140 0.202796 0.035065 0.037171
3 0.246820 0.212500 0.023801 0.038158
3 0.291606 0.187171 0.028343 0.048026
3 0.242733 0.183388 0.026526 0.043750
3 0.199582 0.184375 0.025254 0.052303
3 0.238009 0.166941 0.027616 0.039803
3 0.269440 0.159704 0.032703 0.040461
3 0.051690 0.842105 0.101926 0.308553
3 0.522166 0.661678 0.077762 0.114803
3 0.517805 0.932072 0.158430 0.127303
3 0.774073 0.851316 0.146257 0.194079
3 0.755905 0.705428 0.101562 0.124671
3 0.884720 0.644408 0.098292 0.149342
3 0.971294 0.837500 0.057413 0.152632
3 0.809866 0.530099 0.083757 0.123355
3 0.690589 0.598355 0.099564 0.150000
3 0.655432 0.529276 0.084484 0.113158
3 0.530160 0.530757 0.073038 0.106250
3 0.510538 0.442434 0.067587 0.092763
3 0.500091 0.408224 0.075400 0.130921
3 0.608376 0.435526 0.061955 0.111184
3 0.573219 0.370559 0.058866 0.075987
3 0.570131 0.319572 0.046148 0.095066
3 0.677598 0.372697 0.056868 0.093421
3 0.636083 0.314145 0.057776 0.069079
3 0.599110 0.277303 0.040516 0.071711
3 0.527798 0.264638 0.057413 0.058224
3 0.462118 0.310691 0.040516 0.067434
3 0.453216 0.273191 0.051781 0.073355
3 0.436047 0.224671 0.021076 0.045395
4 0.481922 0.196053 0.055051 0.114474