3 0.478758 0.555147 0.101307 0.110294
3 0.763889 0.639706 0.158497 0.132353
3 0.227941 0.490196 0.102941 0.093137
3 0.053105 0.465686 0.083333 0.093137
3 0.086601 0.359069 0.117647 0.110294
3 0.250817 0.400735 0.119281 0.100490
3 0.434641 0.395833 0.101307 0.095588
2 0.664216 0.408088 0.073529 0.080882
3 0.830882 0.400735 0.106209 0.090686
2 0.952614 0.710784 0.075163 0.073529
2 0.714052 0.664216 0.081699 0.063725
1 0.377451 0.612745 0.071895 0.063725
1 0.120098 0.536765 0.050654 0.053922
2 0.081699 0.582108 0.111111 0.090686
2 0.459150 0.692402 0.101307 0.134804
0 0.678105 0.742647 0.019608 0.102941
0 0.728758 0.764706 0.039216 0.088235
0 0.764706 0.764706 0.032680 0.093137
0 0.806373 0.791667 0.037582 0.088235
0 0.849673 0.833333 0.035948 0.088235
0 0.903595 0.838235 0.035948 0.083333
0 0.239379 0.602941 0.050654 0.098039