0 0.414386 0.481000 0.033044 0.122000
0 0.449099 0.473000 0.042390 0.099000
0 0.282043 0.721250 0.040053 0.083500
0 0.296896 0.706250 0.030374 0.085500
0 0.326268 0.704500 0.048398 0.109000
0 0.385347 0.791250 0.045728 0.102500
0 0.315754 0.870000 0.050067 0.087000
0 0.140854 0.777250 0.034045 0.068500
0 0.187417 0.735500 0.027036 0.094000
0 0.195928 0.617500 0.032710 0.084000
0 0.105474 0.583250 0.028037 0.059500
0 0.118324 0.557750 0.034379 0.082500
0 0.041222 0.801750 0.041055 0.099500
0 0.422230 0.949000 0.045394 0.082000
0 0.473965 0.797250 0.033378 0.099500
0 0.498164 0.773750 0.047730 0.114500
0 0.500668 0.942750 0.051402 0.114500
0 0.533712 0.744000 0.026702 0.085000
0 0.545895 0.719750 0.041055 0.089500
0 0.656876 0.900000 0.045394 0.088000
0 0.692256 0.841250 0.048064 0.109500
0 0.637183 0.742250 0.022029 0.068500
0 0.762183 0.840750 0.023031 0.083500
0 0.814419 0.887000 0.046061 0.106000
0 0.167724 0.501750 0.035714 0.090500
0 0.294226 0.513750 0.034379 0.079500
0 0.321429 0.503500 0.050067 0.103000
0 0.357477 0.476250 0.033378 0.086500
0 0.371328 0.446500 0.028371 0.080000
0 0.324266 0.387750 0.040387 0.106500
0 0.416055 0.379500 0.039052 0.083000
0 0.382343 0.327750 0.040387 0.076500
0 0.072430 0.494000 0.029372 0.078000
0 0.054907 0.440750 0.037049 0.057500
0 0.105975 0.411250 0.031709 0.087500
0 0.603304 0.337750 0.032377 0.077500
0 0.637684 0.417250 0.032377 0.065500
0 0.685581 0.538750 0.038718 0.082500
0 0.759179 0.594500 0.067757 0.123000
0 0.821262 0.651750 0.044393 0.100500
0 0.815421 0.736000 0.056075 0.078000
0 0.853304 0.528500 0.051068 0.116000
0 0.882343 0.514500 0.029706 0.103000
0 0.891689 0.587000 0.036382 0.088000
0 0.956275 0.612000 0.039386 0.100000
0 0.668558 0.373750 0.048732 0.090500
0 0.749166 0.412000 0.053071 0.130000
0 0.782543 0.362000 0.053071 0.077000
0 0.669893 0.195750 0.038051 0.085500
0 0.550234 0.212000 0.067757 0.088000
0 0.575935 0.221750 0.049065 0.077500
0 0.486816 0.193250 0.057076 0.092500