2 0.295312 0.296094 0.043750 0.064062
2 0.310937 0.256250 0.031250 0.040625
2 0.383594 0.234375 0.039062 0.043750
2 0.414062 0.235937 0.025000 0.031250
2 0.517188 0.220312 0.031250 0.031250
2 0.556250 0.226562 0.025000 0.037500
2 0.668750 0.213281 0.025000 0.032813
2 0.696094 0.211719 0.017188 0.026562
2 0.837500 0.272656 0.021875 0.042188
2 0.898438 0.385937 0.028125 0.081250
2 0.873437 0.214844 0.012500 0.042188
5 0.758594 0.270313 0.076563 0.100000
5 0.796094 0.228125 0.060937 0.071875
5 0.789844 0.163281 0.067187 0.067187
5 0.935937 0.152344 0.034375 0.048438
5 0.396094 0.613281 0.264062 0.582812
5 0.475000 0.275781 0.081250 0.195312
5 0.285156 0.209375 0.126562 0.118750
5 0.401562 0.207031 0.109375 0.073438
2 0.396875 0.294531 0.043750 0.051562