5 0.311719 0.807031 0.445312 0.385937
5 0.540625 0.266406 0.103125 0.173437
5 0.749219 0.222656 0.054688 0.079687
5 0.149219 0.176563 0.070312 0.087500
5 0.198437 0.166406 0.056250 0.051562
5 0.257031 0.149219 0.042188 0.060937
2 0.161719 0.327344 0.067187 0.098437
2 0.219531 0.312500 0.048438 0.068750
2 0.089063 0.189844 0.025000 0.039062
2 0.203906 0.222656 0.032813 0.051562
2 0.632031 0.253125 0.023438 0.043750
2 0.702344 0.269531 0.023438 0.023438
2 0.701562 0.292969 0.021875 0.042188
2 0.717969 0.347656 0.039062 0.057813
2 0.807813 0.467187 0.050000 0.084375
2 0.640625 0.222656 0.021875 0.035937
3 0.689844 0.216406 0.051562 0.048438
5 0.300781 0.147656 0.054688 0.057813