5 0.704688 0.310156 0.093750 0.235937
5 0.335156 0.224219 0.107813 0.082812
5 0.389062 0.321094 0.065625 0.110937
4 0.618750 0.147656 0.084375 0.042188
3 0.783594 0.201563 0.029687 0.034375
3 0.478125 0.334375 0.059375 0.071875
3 0.460938 0.289062 0.046875 0.053125
3 0.428906 0.265625 0.060937 0.050000
3 0.114844 0.924219 0.223438 0.151562
2 0.253125 0.248438 0.012500 0.040625
2 0.485156 0.228906 0.051562 0.042188
2 0.569531 0.222656 0.029687 0.035937
2 0.616406 0.224219 0.051562 0.042188
2 0.840625 0.271875 0.028125 0.046875
2 0.844531 0.196875 0.032813 0.046875
2 0.811719 0.203125 0.023438 0.031250
2 0.879687 0.206250 0.021875 0.037500
2 0.899219 0.192969 0.020313 0.029687