5 0.641406 0.356250 0.123438 0.340625
5 0.808594 0.199219 0.042188 0.095312
5 0.896875 0.160156 0.081250 0.079687
5 0.706250 0.143750 0.043750 0.046875
3 0.303906 0.252344 0.057813 0.051562
3 0.288281 0.226562 0.057813 0.037500
3 0.557031 0.214844 0.089063 0.042188
3 0.732812 0.164062 0.034375 0.034375
3 0.480469 0.163281 0.057813 0.035937
2 0.300781 0.310937 0.039062 0.062500
2 0.350781 0.221094 0.029687 0.032813
2 0.392188 0.227344 0.028125 0.042188
2 0.452344 0.229687 0.048438 0.062500
2 0.828125 0.288281 0.043750 0.054688
2 0.862500 0.357031 0.050000 0.067187
2 0.956250 0.534375 0.078125 0.134375
2 0.853906 0.210938 0.042188 0.065625