3 0.627344 0.379688 0.082812 0.162500
3 0.545312 0.387500 0.093750 0.156250
5 0.260156 0.203125 0.089063 0.109375
5 0.756250 0.198437 0.156250 0.100000
5 0.160938 0.186719 0.050000 0.085938
5 0.186719 0.171875 0.039062 0.056250
3 0.621094 0.873437 0.189062 0.253125
3 0.629687 0.267969 0.037500 0.048438
3 0.050000 0.169531 0.043750 0.035937
2 0.726562 0.703906 0.087500 0.142187
2 0.160938 0.310937 0.040625 0.071875
2 0.504687 0.229687 0.028125 0.037500
2 0.575000 0.223438 0.025000 0.046875
2 0.600781 0.226562 0.029687 0.021875
2 0.632031 0.226562 0.026562 0.031250
2 0.701562 0.278906 0.009375 0.039062