5 0.802344 0.519531 0.367188 0.398438
5 0.742969 0.778906 0.514062 0.442188
5 0.612500 0.295312 0.062500 0.118750
5 0.657031 0.210938 0.064062 0.090625
3 0.264062 0.404687 0.100000 0.115625
5 0.139844 0.176563 0.042188 0.078125
2 0.261719 0.207813 0.054688 0.062500
2 0.188281 0.203125 0.026562 0.040625
2 0.082031 0.185156 0.032813 0.039062
2 0.304688 0.260156 0.037500 0.029687
2 0.401562 0.221875 0.043750 0.046875
3 0.544531 0.274219 0.085938 0.092188
3 0.533594 0.232813 0.045312 0.034375
2 0.225000 0.169531 0.028125 0.029687