5 0.604688 0.539062 0.221875 0.584375
5 0.821875 0.639062 0.353125 0.709375
5 0.565625 0.234375 0.093750 0.112500
5 0.632812 0.262500 0.068750 0.109375
5 0.657031 0.203125 0.110937 0.065625
5 0.182812 0.181250 0.071875 0.087500
4 0.110156 0.188281 0.045312 0.060937
5 0.275000 0.158594 0.034375 0.070312
5 0.680469 0.165625 0.095312 0.075000
2 0.146875 0.391406 0.059375 0.107813
2 0.261719 0.203906 0.023438 0.035937
2 0.371094 0.214844 0.032813 0.032813
2 0.068750 0.189844 0.043750 0.048438
2 0.703125 0.249219 0.031250 0.042188
3 0.301563 0.143750 0.021875 0.031250