3 0.725781 0.335938 0.120313 0.243750
5 0.250781 0.647656 0.479687 0.648438
5 0.858594 0.694531 0.282813 0.604688
5 0.385937 0.277344 0.106250 0.135937
5 0.735938 0.253125 0.168750 0.100000
5 0.808594 0.171094 0.057813 0.117188
5 0.739844 0.192969 0.110937 0.054688
5 0.858594 0.174219 0.051562 0.067187
3 0.297656 0.225781 0.054688 0.042188
3 0.889062 0.182031 0.028125 0.026562
2 0.301563 0.280469 0.040625 0.048438
2 0.483594 0.228125 0.035937 0.040625
2 0.510938 0.232031 0.028125 0.054688
2 0.539062 0.232031 0.031250 0.045312
2 0.633594 0.226562 0.054688 0.046875
2 0.853125 0.279687 0.028125 0.043750
2 0.871875 0.199219 0.025000 0.032813
2 0.914844 0.191406 0.017188 0.048438
2 0.937500 0.196094 0.018750 0.032813