5 0.476562 0.282031 0.093750 0.182812
5 0.383594 0.287500 0.082812 0.200000
5 0.341406 0.241406 0.082812 0.107813
5 0.296875 0.230469 0.068750 0.048438
5 0.423438 0.143750 0.037500 0.037500
5 0.464844 0.133594 0.032813 0.039062
5 0.808594 0.183594 0.039062 0.073438
5 0.834375 0.161719 0.068750 0.079687
5 0.727344 0.136719 0.039062 0.035937
5 0.680469 0.203125 0.092188 0.075000
3 0.421875 0.221094 0.065625 0.051562
3 0.750000 0.339062 0.046875 0.100000
2 0.285156 0.281250 0.051562 0.071875
2 0.858594 0.379688 0.042188 0.093750
2 0.734375 0.217969 0.025000 0.048438
2 0.751563 0.203125 0.025000 0.031250
2 0.914062 0.182812 0.015625 0.034375
2 0.936719 0.187500 0.014063 0.025000