5 0.288281 0.235156 0.092188 0.142187
5 0.571094 0.425000 0.139063 0.409375
5 0.777344 0.615625 0.220312 0.431250
5 0.658594 0.221875 0.070312 0.078125
5 0.743750 0.221875 0.065625 0.071875
5 0.702344 0.188281 0.079687 0.064062
5 0.188281 0.185938 0.045312 0.059375
5 0.207813 0.158594 0.059375 0.057813
5 0.272656 0.146875 0.048438 0.071875
5 0.074219 0.161719 0.054688 0.067187
2 0.135156 0.429688 0.070312 0.128125
2 0.400000 0.226562 0.034375 0.050000
2 0.354687 0.217969 0.021875 0.045312
3 0.505469 0.217188 0.067187 0.056250
5 0.533594 0.163281 0.054688 0.045312
3 0.192188 0.228906 0.050000 0.048438