3 0.131250 0.864062 0.215625 0.271875
3 0.486719 0.324219 0.073438 0.089063
3 0.750781 0.140625 0.029687 0.037500
3 0.235937 0.210938 0.037500 0.021875
5 0.306250 0.213281 0.059375 0.045312
5 0.402344 0.329688 0.070312 0.131250
5 0.827344 0.177344 0.039062 0.067187
2 0.214844 0.447656 0.042188 0.070312
2 0.276562 0.356250 0.040625 0.059375
2 0.296875 0.308594 0.040625 0.064062
2 0.413281 0.224219 0.032813 0.042188
2 0.527344 0.228906 0.035937 0.039062
2 0.830469 0.330469 0.045312 0.070312
2 0.849219 0.264844 0.048438 0.045312
3 0.705469 0.154688 0.045312 0.056250