4 0.710938 0.240625 0.146875 0.171875
5 0.530469 0.371094 0.110937 0.164062
5 0.592187 0.218750 0.071875 0.087500
5 0.128125 0.164062 0.046875 0.050000
5 0.147656 0.178125 0.023438 0.053125
3 0.242188 0.232813 0.056250 0.056250
3 0.185938 0.200000 0.028125 0.043750
2 0.378906 0.216406 0.051562 0.057813
2 0.178125 0.300781 0.043750 0.073438
2 0.456250 0.223438 0.009375 0.043750
2 0.484375 0.246094 0.021875 0.035937
2 0.509375 0.233594 0.018750 0.026562
2 0.699219 0.302344 0.014063 0.042188
2 0.260156 0.206250 0.017188 0.040625
2 0.279687 0.204687 0.025000 0.034375
3 0.633594 0.417187 0.076563 0.109375
3 0.611719 0.307031 0.042188 0.076563
3 0.565625 0.279687 0.043750 0.062500
0 0.088281 0.196875 0.026562 0.034375
0 0.103906 0.194531 0.020313 0.026562