5 0.785937 0.382031 0.109375 0.210938
5 0.152344 0.729688 0.298438 0.540625
5 0.382812 0.366406 0.121875 0.154688
5 0.485938 0.325781 0.059375 0.117188
5 0.424219 0.243750 0.070312 0.106250
5 0.895312 0.175000 0.081250 0.065625
3 0.750000 0.257031 0.034375 0.051562
3 0.330469 0.264844 0.035937 0.054688
3 0.268750 0.225781 0.034375 0.042188
5 0.345313 0.164062 0.084375 0.059375
5 0.455469 0.137500 0.045312 0.043750
1 0.637500 0.261719 0.059375 0.060937
2 0.522656 0.220312 0.067187 0.031250
2 0.686719 0.217969 0.029687 0.045312
2 0.757812 0.206250 0.034375 0.034375
2 0.804688 0.191406 0.031250 0.045312
2 0.845313 0.194531 0.034375 0.045312