3 0.612500 0.392969 0.140625 0.154688
3 0.663281 0.242188 0.060937 0.034375
5 0.469531 0.201563 0.142187 0.096875
5 0.250000 0.213281 0.081250 0.104688
5 0.175781 0.186719 0.035937 0.067187
5 0.194531 0.164062 0.051562 0.059375
5 0.289062 0.145313 0.043750 0.050000
5 0.728125 0.210938 0.062500 0.059375
3 0.131250 0.209375 0.043750 0.046875
2 0.378906 0.217188 0.032813 0.050000
2 0.161719 0.271094 0.045312 0.070312
2 0.100781 0.203125 0.014063 0.031250
2 0.071094 0.199219 0.017188 0.042188
5 0.581250 0.142969 0.053125 0.051562