5 0.607812 0.604688 0.231250 0.528125
5 0.664844 0.415625 0.148438 0.275000
5 0.545312 0.283594 0.112500 0.214062
5 0.646094 0.220312 0.098437 0.115625
5 0.704688 0.196875 0.068750 0.084375
5 0.456250 0.217969 0.090625 0.073438
2 0.280469 0.214844 0.029687 0.039062
2 0.178125 0.287500 0.040625 0.068750
2 0.196094 0.284375 0.026562 0.050000
2 0.789062 0.431250 0.037500 0.081250
2 0.832031 0.481250 0.048438 0.081250
2 0.177344 0.210938 0.026562 0.056250
2 0.364063 0.217188 0.037500 0.040625
3 0.319531 0.166406 0.045312 0.042188