3 0.727344 0.616406 0.132812 0.192188
3 0.585156 0.264844 0.054688 0.054688
3 0.142187 0.183594 0.034375 0.042188
5 0.328906 0.200000 0.114062 0.090625
5 0.209375 0.196875 0.046875 0.071875
5 0.172656 0.172656 0.032813 0.076563
5 0.682031 0.211719 0.120313 0.110937
5 0.209375 0.150000 0.050000 0.043750
5 0.303125 0.140625 0.046875 0.046875
2 0.253906 0.227344 0.039062 0.070312
2 0.124219 0.217188 0.029687 0.046875
2 0.063281 0.186719 0.023438 0.039062
2 0.088281 0.184375 0.020313 0.031250
2 0.505469 0.225000 0.032813 0.040625
2 0.529687 0.232031 0.031250 0.045312
2 0.575781 0.229687 0.032813 0.031250
2 0.450781 0.147656 0.023438 0.017188