3 0.186719 0.500000 0.114062 0.243750
3 0.619531 0.350781 0.098437 0.079687
3 0.210938 0.181250 0.046875 0.034375
2 0.168750 0.210156 0.053125 0.079687
2 0.169531 0.393750 0.045312 0.087500
2 0.115625 0.225000 0.028125 0.065625
2 0.125781 0.195312 0.014063 0.021875
2 0.419531 0.230469 0.051562 0.042188
2 0.214062 0.223438 0.043750 0.050000
2 0.249219 0.218750 0.039062 0.040625
2 0.460156 0.232031 0.017188 0.035937
2 0.487500 0.233594 0.028125 0.057813
2 0.604688 0.260937 0.034375 0.037500
2 0.705469 0.264844 0.020313 0.042188
2 0.789062 0.436719 0.046875 0.095312
5 0.675781 0.204687 0.145313 0.093750
5 0.603906 0.193750 0.201563 0.068750
5 0.685937 0.683594 0.387500 0.632812
5 0.531250 0.308594 0.093750 0.229687