5 0.635938 0.390625 0.106250 0.331250
5 0.268750 0.503906 0.206250 0.379688
5 0.428906 0.397656 0.114062 0.279687
5 0.459375 0.300781 0.065625 0.145313
5 0.354687 0.209375 0.115625 0.118750
5 0.302344 0.235937 0.070312 0.084375
5 0.711719 0.247656 0.107813 0.179688
5 0.782813 0.183594 0.103125 0.085938
5 0.700000 0.150000 0.084375 0.040625
2 0.552344 0.219531 0.029687 0.039062
2 0.825000 0.214062 0.025000 0.046875
2 0.829688 0.197656 0.028125 0.032813
2 0.874219 0.196094 0.029687 0.035937
2 0.906250 0.179688 0.025000 0.025000
0 0.573438 0.314844 0.037500 0.070312