5 0.858594 0.825781 0.282813 0.348438
4 0.282031 0.150000 0.132812 0.062500
4 0.453125 0.165625 0.096875 0.050000
5 0.661719 0.157812 0.070312 0.050000
5 0.377344 0.211719 0.076563 0.048438
3 0.044531 0.868750 0.085938 0.231250
3 0.614844 0.302344 0.051562 0.060937
3 0.601562 0.237500 0.068750 0.034375
3 0.711719 0.242969 0.039062 0.039062
5 0.695312 0.209375 0.084375 0.059375
2 0.701562 0.282813 0.043750 0.050000
2 0.749219 0.407031 0.032813 0.067187
2 0.775781 0.458594 0.045312 0.092188
2 0.833594 0.531250 0.060937 0.118750
2 0.503906 0.275781 0.039062 0.042188
2 0.502344 0.225781 0.026562 0.032813
2 0.551562 0.225000 0.025000 0.031250
2 0.130469 0.207031 0.014063 0.039062
2 0.148438 0.198437 0.015625 0.043750
2 0.187500 0.178906 0.021875 0.035937
2 0.102344 0.178906 0.032813 0.039062