5 0.624219 0.375000 0.092188 0.156250
5 0.659375 0.218750 0.075000 0.053125
5 0.214062 0.157031 0.040625 0.051562
5 0.235937 0.148438 0.059375 0.040625
2 0.146094 0.393750 0.054688 0.081250
2 0.179688 0.271875 0.025000 0.050000
2 0.146875 0.225000 0.025000 0.040625
2 0.315625 0.219531 0.034375 0.051562
2 0.464062 0.227344 0.031250 0.035937
3 0.523438 0.396875 0.071875 0.106250
2 0.732812 0.385937 0.040625 0.075000
2 0.814063 0.484375 0.037500 0.087500
2 0.707812 0.250000 0.009375 0.028125
2 0.715625 0.267969 0.018750 0.045312
3 0.741406 0.228125 0.042188 0.043750
5 0.318750 0.138281 0.034375 0.032813