5 0.123438 0.776563 0.243750 0.440625
5 0.355469 0.410938 0.101562 0.215625
5 0.487500 0.345313 0.068750 0.115625
5 0.767188 0.325000 0.065625 0.162500
5 0.898438 0.165625 0.068750 0.056250
5 0.441406 0.255469 0.060937 0.098437
5 0.261719 0.202344 0.048438 0.070312
5 0.344531 0.163281 0.079687 0.051562
5 0.451562 0.137500 0.040625 0.037500
1 0.621094 0.265625 0.057813 0.050000
2 0.552344 0.224219 0.032813 0.051562
2 0.576562 0.223438 0.025000 0.031250
2 0.733594 0.214062 0.020313 0.037500
2 0.786719 0.204687 0.035937 0.043750
2 0.864844 0.197656 0.035937 0.035937
3 0.762500 0.236719 0.053125 0.048438
3 0.510938 0.292187 0.046875 0.053125
3 0.360938 0.278125 0.059375 0.046875
3 0.284375 0.239063 0.043750 0.040625
3 0.413281 0.327344 0.064062 0.060937