5 0.383594 0.641406 0.239063 0.642188
5 0.670312 0.193750 0.131250 0.096875
5 0.915625 0.164062 0.071875 0.081250
5 0.830469 0.190625 0.045312 0.059375
4 0.385937 0.265625 0.100000 0.153125
4 0.335156 0.360938 0.120313 0.153125
2 0.290625 0.296875 0.034375 0.053125
2 0.260937 0.255469 0.012500 0.039062
2 0.276562 0.245312 0.025000 0.043750
2 0.251563 0.241406 0.018750 0.042188
2 0.751563 0.212500 0.021875 0.031250
2 0.725781 0.207031 0.020313 0.032813
2 0.787500 0.209375 0.025000 0.043750
3 0.782031 0.171875 0.029687 0.043750
3 0.750000 0.160938 0.018750 0.046875