5 0.419531 0.623437 0.176563 0.553125
5 0.340625 0.404687 0.143750 0.259375
5 0.457813 0.292969 0.106250 0.242188
5 0.357812 0.217969 0.100000 0.117188
5 0.535937 0.214844 0.090625 0.076563
5 0.314844 0.198437 0.129688 0.078125
2 0.224219 0.442188 0.045312 0.081250
2 0.171875 0.479687 0.062500 0.078125
2 0.635938 0.215625 0.015625 0.043750
2 0.723437 0.210156 0.028125 0.042188
2 0.803125 0.275000 0.025000 0.046875
2 0.833594 0.292187 0.032813 0.056250
2 0.842969 0.207031 0.035937 0.035937
2 0.784375 0.182812 0.018750 0.037500