2 0.118750 0.446094 0.053125 0.092188
2 0.158594 0.232813 0.023438 0.059375
2 0.078125 0.192969 0.021875 0.026562
2 0.092188 0.194531 0.018750 0.026562
2 0.560156 0.225781 0.023438 0.039062
2 0.588281 0.235937 0.026562 0.040625
2 0.701562 0.342969 0.031250 0.057813
2 0.731250 0.360938 0.025000 0.056250
2 0.712500 0.260937 0.028125 0.050000
3 0.714063 0.243750 0.071875 0.053125
3 0.239063 0.164062 0.037500 0.034375
3 0.681250 0.174219 0.031250 0.020313
5 0.194531 0.193750 0.060937 0.093750
5 0.290625 0.147656 0.040625 0.054688
5 0.119531 0.167187 0.079687 0.078125
5 0.324219 0.153906 0.057813 0.042188
5 0.210938 0.682813 0.381250 0.634375