5 0.675781 0.446094 0.173437 0.245312
5 0.175781 0.850781 0.292187 0.298438
5 0.274219 0.253125 0.082812 0.131250
5 0.225781 0.201563 0.060937 0.096875
5 0.221094 0.157031 0.082812 0.060937
5 0.122656 0.203906 0.048438 0.073438
5 0.060156 0.164062 0.054688 0.046875
3 0.097656 0.632031 0.132812 0.273438
3 0.813281 0.810937 0.220312 0.293750
3 0.546094 0.326562 0.054688 0.084375
3 0.673438 0.242969 0.046875 0.054688
2 0.179688 0.225000 0.040625 0.046875
2 0.067187 0.205469 0.031250 0.051562
5 0.291406 0.153906 0.045312 0.054688
5 0.319531 0.131250 0.035937 0.040625
4 0.553906 0.246875 0.107813 0.128125