5 0.882812 0.796875 0.234375 0.406250
5 0.764844 0.879687 0.448437 0.240625
5 0.539062 0.331250 0.125000 0.287500
5 0.282031 0.271875 0.076563 0.156250
5 0.675000 0.185156 0.115625 0.089063
5 0.215625 0.168750 0.043750 0.056250
5 0.253125 0.159375 0.040625 0.046875
5 0.300781 0.138281 0.026562 0.032813
3 0.157031 0.194531 0.042188 0.039062
3 0.078906 0.839063 0.154688 0.315625
2 0.082812 0.196094 0.021875 0.048438
2 0.100000 0.187500 0.021875 0.031250
2 0.195312 0.207813 0.015625 0.034375
2 0.467187 0.224219 0.018750 0.035937
2 0.595313 0.228125 0.018750 0.043750
2 0.614062 0.228906 0.015625 0.035937
2 0.639844 0.230469 0.020313 0.048438
2 0.660156 0.236719 0.026562 0.035937
2 0.703906 0.241406 0.020313 0.048438
2 0.717969 0.232813 0.026562 0.031250
2 0.878125 0.560937 0.075000 0.121875