5 0.728906 0.664844 0.482812 0.670312
5 0.843750 0.685937 0.312500 0.628125
5 0.276562 0.264844 0.103125 0.170313
5 0.635938 0.330469 0.128125 0.154688
5 0.650000 0.206250 0.137500 0.109375
5 0.685156 0.243750 0.070312 0.078125
5 0.757031 0.207031 0.085938 0.089063
5 0.392188 0.203906 0.093750 0.060937
5 0.264844 0.144531 0.045312 0.057813
5 0.301563 0.155469 0.025000 0.039062
5 0.559375 0.142187 0.068750 0.053125
2 0.149219 0.250000 0.026562 0.062500
2 0.146875 0.189844 0.012500 0.032813
2 0.162500 0.257031 0.028125 0.045312
2 0.199219 0.214062 0.032813 0.050000
3 0.534375 0.327344 0.050000 0.082812
3 0.228125 0.198437 0.040625 0.037500
3 0.456250 0.152344 0.028125 0.026562