5 0.630469 0.315625 0.101562 0.265625
5 0.732812 0.241406 0.137500 0.170313
5 0.798438 0.175000 0.090625 0.065625
5 0.889844 0.742969 0.220312 0.473438
5 0.223438 0.563281 0.303125 0.467187
5 0.422656 0.475000 0.142187 0.346875
5 0.475000 0.281250 0.093750 0.087500
5 0.337500 0.267188 0.100000 0.153125
5 0.375000 0.218750 0.096875 0.121875
2 0.842187 0.206250 0.028125 0.040625
2 0.860156 0.194531 0.023438 0.035937
2 0.873437 0.192188 0.012500 0.034375
2 0.892188 0.189844 0.018750 0.032813
2 0.933594 0.184375 0.032813 0.037500