4 0.289844 0.214844 0.107813 0.110937
5 0.729688 0.380469 0.150000 0.239063
5 0.249219 0.733594 0.479687 0.532813
5 0.401562 0.292969 0.071875 0.114062
5 0.721094 0.241406 0.082812 0.142187
5 0.803906 0.231250 0.117188 0.093750
5 0.793750 0.158594 0.050000 0.070312
5 0.833594 0.191406 0.054688 0.054688
5 0.880469 0.166406 0.064062 0.054688
5 0.702344 0.144531 0.023438 0.051562
3 0.366406 0.246094 0.060937 0.054688
3 0.391406 0.372656 0.067187 0.079687
1 0.264062 0.375781 0.059375 0.079687
2 0.509375 0.235937 0.056250 0.056250
2 0.568750 0.225000 0.050000 0.050000
2 0.655469 0.211719 0.032813 0.045312
2 0.889844 0.236719 0.023438 0.042188
2 0.935156 0.200000 0.020313 0.040625
2 0.882031 0.195312 0.026562 0.025000
3 0.927344 0.167969 0.029687 0.026562
3 0.452344 0.170313 0.035937 0.025000
3 0.546094 0.148438 0.035937 0.031250