3 0.248438 0.198437 0.078125 0.056250
5 0.611719 0.592969 0.235937 0.485938
5 0.895312 0.820312 0.206250 0.359375
5 0.544531 0.317188 0.132812 0.153125
5 0.570312 0.235156 0.075000 0.101562
5 0.700000 0.196094 0.096875 0.101562
5 0.752344 0.231250 0.082812 0.065625
4 0.291406 0.159375 0.045312 0.050000
3 0.504687 0.208594 0.096875 0.079687
2 0.349219 0.227344 0.045312 0.051562
2 0.379688 0.217188 0.028125 0.046875
2 0.414844 0.228906 0.039062 0.057813
2 0.191406 0.205469 0.017188 0.039062
2 0.085938 0.191406 0.056250 0.060937
3 0.222656 0.211719 0.048438 0.051562
3 0.646094 0.270313 0.048438 0.093750