0 0.190625 0.274219 0.040625 0.135937
4 0.360156 0.214062 0.142187 0.081250
5 0.700000 0.210156 0.131250 0.151562
3 0.858594 0.650000 0.173437 0.240625
3 0.727344 0.392969 0.073438 0.126562
3 0.380469 0.317969 0.054688 0.054688
3 0.411719 0.267969 0.060937 0.057813
3 0.821094 0.174219 0.035937 0.042188
2 0.780469 0.200781 0.026562 0.026562
2 0.800781 0.206250 0.023438 0.043750
2 0.861719 0.218750 0.023438 0.040625
2 0.888281 0.232813 0.020313 0.053125
2 0.914844 0.214844 0.023438 0.045312
3 0.269531 0.228906 0.054688 0.051562
5 0.778125 0.165625 0.065625 0.062500