5 0.760938 0.236719 0.075000 0.135937
0 0.185938 0.275000 0.043750 0.131250
5 0.674219 0.435937 0.132812 0.387500
4 0.930469 0.174219 0.057813 0.054688
4 0.359375 0.167969 0.096875 0.042188
5 0.400000 0.289844 0.081250 0.120313
5 0.467187 0.290625 0.062500 0.087500
3 0.733594 0.196094 0.051562 0.039062
3 0.854688 0.186719 0.021875 0.039062
3 0.735938 0.160156 0.043750 0.023438
5 0.689063 0.150781 0.043750 0.064062
2 0.493750 0.343750 0.025000 0.062500
2 0.838281 0.205469 0.020313 0.039062
2 0.888281 0.195312 0.042188 0.040625
2 0.237500 0.225000 0.021875 0.031250
2 0.239063 0.206250 0.025000 0.028125
3 0.293750 0.222656 0.028125 0.032813
3 0.357031 0.460156 0.076563 0.117188
3 0.454688 0.441406 0.087500 0.110937