3 0.754687 0.226562 0.068750 0.115625
5 0.095312 0.724219 0.187500 0.417187
5 0.322656 0.709375 0.345313 0.581250
5 0.320312 0.378125 0.175000 0.190625
5 0.385937 0.222656 0.121875 0.123438
5 0.366406 0.260937 0.067187 0.084375
5 0.292187 0.210938 0.093750 0.109375
5 0.712500 0.203125 0.078125 0.071875
3 0.466406 0.414062 0.089063 0.150000
3 0.395313 0.321875 0.053125 0.068750
3 0.807813 0.196875 0.037500 0.046875
2 0.292969 0.282031 0.026562 0.039062
2 0.491406 0.229687 0.029687 0.050000
2 0.857031 0.223438 0.020313 0.050000
2 0.878125 0.217969 0.025000 0.042188
2 0.919531 0.182031 0.017188 0.032813
2 0.839844 0.194531 0.017188 0.029687
2 0.442188 0.223438 0.031250 0.034375