5 0.654687 0.426563 0.137500 0.309375
5 0.456250 0.347656 0.096875 0.254688
5 0.271875 0.736719 0.503125 0.526563
5 0.408594 0.217969 0.076563 0.095312
5 0.782031 0.176563 0.107813 0.078125
5 0.289844 0.200781 0.092188 0.101562
5 0.420312 0.132031 0.031250 0.042188
5 0.483594 0.134375 0.035937 0.037500
3 0.226562 0.217188 0.031250 0.034375
3 0.243750 0.233594 0.037500 0.045312
3 0.367188 0.278906 0.037500 0.039062
3 0.389844 0.308594 0.057813 0.067187
2 0.247656 0.422656 0.039062 0.073438
2 0.546875 0.234375 0.037500 0.034375
2 0.848437 0.313281 0.034375 0.067187
2 0.919531 0.182031 0.035937 0.039062