5 0.571094 0.485938 0.192188 0.493750
5 0.189844 0.180469 0.120313 0.110937
5 0.290625 0.239063 0.075000 0.140625
5 0.717969 0.185156 0.132812 0.104688
3 0.239844 0.463281 0.110937 0.167187
3 0.326562 0.211719 0.037500 0.051562
3 0.623437 0.239063 0.062500 0.059375
5 0.070312 0.165625 0.056250 0.034375
5 0.303125 0.151562 0.031250 0.037500
2 0.134375 0.242188 0.037500 0.050000
2 0.085938 0.185938 0.025000 0.034375
2 0.156250 0.381250 0.043750 0.078125
2 0.932031 0.632812 0.098437 0.159375
2 0.715625 0.316406 0.025000 0.048438
2 0.506250 0.232031 0.043750 0.039062