3 0.227344 0.682031 0.142187 0.210938
5 0.432812 0.483594 0.115625 0.276562
5 0.780469 0.347656 0.107813 0.285938
5 0.365625 0.224219 0.168750 0.064062
5 0.410156 0.276562 0.082812 0.115625
5 0.246875 0.231250 0.084375 0.078125
2 0.291406 0.328125 0.048438 0.062500
2 0.302344 0.301563 0.026562 0.040625
1 0.553125 0.252344 0.028125 0.035937
3 0.635938 0.224219 0.078125 0.079687
3 0.678906 0.311719 0.054688 0.073438
2 0.705469 0.214844 0.035937 0.054688
3 0.711719 0.160156 0.032813 0.026562
3 0.395313 0.357031 0.078125 0.085938