4 0.821875 0.650781 0.356250 0.689063
3 0.122656 0.469531 0.123438 0.154688
3 0.717187 0.213281 0.034375 0.032813
2 0.716406 0.343750 0.051562 0.071875
2 0.621875 0.223438 0.031250 0.034375
3 0.643750 0.223438 0.028125 0.034375
3 0.663281 0.217188 0.029687 0.043750
3 0.742188 0.257031 0.018750 0.029687
3 0.732812 0.250000 0.034375 0.034375
3 0.348438 0.227344 0.059375 0.039062
3 0.255469 0.210156 0.026562 0.023438
3 0.196094 0.200000 0.026562 0.031250
3 0.224219 0.194531 0.035937 0.035937
5 0.235937 0.158594 0.065625 0.051562
5 0.064844 0.167969 0.042188 0.051562