5 0.748437 0.632812 0.225000 0.315625
5 0.471094 0.225000 0.107813 0.068750
4 0.210938 0.150000 0.087500 0.065625
4 0.389062 0.151562 0.065625 0.046875
3 0.637500 0.268750 0.050000 0.065625
3 0.692969 0.244531 0.060937 0.045312
2 0.729688 0.378125 0.040625 0.075000
2 0.698438 0.335938 0.046875 0.071875
2 0.553906 0.255469 0.032813 0.045312
2 0.718750 0.271875 0.034375 0.043750
2 0.147656 0.230469 0.039062 0.039062
2 0.216406 0.213281 0.045312 0.054688
2 0.165625 0.192188 0.031250 0.037500
5 0.285156 0.151562 0.029687 0.043750