5 0.614062 0.345313 0.084375 0.134375
5 0.289062 0.300000 0.071875 0.156250
5 0.257031 0.228906 0.073438 0.120313
5 0.146875 0.230469 0.068750 0.085938
5 0.200781 0.160156 0.073438 0.057813
5 0.099219 0.161719 0.054688 0.051562
5 0.269531 0.145313 0.035937 0.053125
5 0.309375 0.141406 0.031250 0.051562
2 0.093750 0.222656 0.021875 0.042188
2 0.064062 0.201563 0.015625 0.034375
2 0.342969 0.218750 0.020313 0.031250
5 0.741406 0.213281 0.045312 0.076563
3 0.563281 0.270313 0.054688 0.046875
3 0.661719 0.481250 0.070312 0.128125
3 0.879687 0.928125 0.240625 0.143750
4 0.644531 0.221094 0.139063 0.085938