5 0.257812 0.675000 0.478125 0.650000
5 0.443750 0.208594 0.187500 0.082812
5 0.374219 0.260937 0.070312 0.103125
5 0.377344 0.228906 0.060937 0.079687
5 0.804688 0.196875 0.071875 0.093750
5 0.679688 0.207813 0.075000 0.050000
3 0.268750 0.220312 0.034375 0.037500
3 0.858594 0.189844 0.029687 0.042188
5 0.690625 0.146875 0.040625 0.068750
5 0.742969 0.145313 0.048438 0.059375
1 0.509375 0.269531 0.025000 0.045312
2 0.276562 0.348438 0.046875 0.062500
2 0.549219 0.248438 0.035937 0.050000
2 0.575781 0.226562 0.023438 0.031250
2 0.599219 0.222656 0.039062 0.032813
2 0.944531 0.495312 0.064062 0.100000
2 0.850000 0.253125 0.043750 0.062500
2 0.286719 0.245312 0.082812 0.028125