3 0.777344 0.279687 0.057813 0.115625
5 0.546875 0.355469 0.137500 0.295312
5 0.760156 0.840625 0.479687 0.300000
5 0.630469 0.225781 0.123438 0.098437
5 0.700781 0.185156 0.173437 0.076563
5 0.564063 0.164844 0.093750 0.039062
5 0.230469 0.183594 0.085938 0.060937
3 0.258594 0.290625 0.045312 0.062500
3 0.163281 0.178125 0.039062 0.031250
2 0.157031 0.441406 0.051562 0.120313
2 0.369531 0.227344 0.029687 0.045312
2 0.419531 0.215625 0.026562 0.025000
2 0.449219 0.232031 0.051562 0.051562
2 0.064062 0.186719 0.056250 0.032813
2 0.735938 0.258594 0.040625 0.076563
1 0.934375 0.680469 0.131250 0.214062