3 0.308594 0.515625 0.101562 0.156250
3 0.441406 0.504687 0.070312 0.143750
5 0.385937 0.288281 0.100000 0.207813
5 0.460156 0.275000 0.070312 0.150000
5 0.768750 0.318750 0.053125 0.140625
5 0.329688 0.243750 0.103125 0.109375
2 0.301563 0.300000 0.056250 0.059375
2 0.871875 0.409375 0.050000 0.093750
2 0.882031 0.232031 0.023438 0.048438
2 0.701562 0.227344 0.056250 0.048438
2 0.727344 0.215625 0.023438 0.037500
2 0.760156 0.217188 0.023438 0.043750
2 0.786719 0.213281 0.017188 0.035937
2 0.879687 0.188281 0.018750 0.035937
2 0.901563 0.185938 0.018750 0.037500
2 0.931250 0.187500 0.006250 0.031250
2 0.826562 0.186719 0.021875 0.026562
5 0.282813 0.218750 0.078125 0.078125