0 0.192188 0.279687 0.037500 0.134375
5 0.646094 0.317188 0.142187 0.271875
5 0.811719 0.198437 0.051562 0.081250
5 0.792188 0.159375 0.075000 0.053125
5 0.892969 0.155469 0.082812 0.082812
5 0.698438 0.137500 0.037500 0.037500
3 0.307031 0.237500 0.051562 0.043750
3 0.335938 0.264062 0.068750 0.068750
3 0.432812 0.164844 0.050000 0.035937
2 0.298438 0.329688 0.034375 0.071875
2 0.407031 0.226562 0.032813 0.037500
2 0.449219 0.221875 0.029687 0.034375
2 0.498437 0.221094 0.025000 0.035937
2 0.535937 0.233594 0.028125 0.045312
2 0.871875 0.390625 0.056250 0.084375
2 0.850000 0.310937 0.034375 0.068750
2 0.833594 0.264844 0.045312 0.082812
2 0.869531 0.205469 0.035937 0.057813