3 0.245312 0.371094 0.084375 0.167187
5 0.721875 0.660156 0.465625 0.679688
5 0.870313 0.653906 0.259375 0.482812
5 0.184375 0.764062 0.356250 0.437500
5 0.552344 0.276562 0.107813 0.146875
5 0.623437 0.282031 0.056250 0.104688
5 0.624219 0.200000 0.132812 0.075000
5 0.746875 0.203906 0.090625 0.098437
5 0.142187 0.166406 0.062500 0.067187
4 0.089063 0.178125 0.059375 0.065625
2 0.182812 0.295312 0.034375 0.068750
2 0.280469 0.223438 0.026562 0.040625
2 0.478906 0.236719 0.042188 0.048438
2 0.668750 0.253906 0.046875 0.035937
2 0.738281 0.271094 0.045312 0.057813
3 0.197656 0.184375 0.029687 0.040625
3 0.217188 0.171875 0.028125 0.037500
5 0.286719 0.148438 0.032813 0.053125