5 0.644531 0.648438 0.360938 0.703125
5 0.550000 0.248438 0.096875 0.134375
5 0.449219 0.194531 0.170313 0.098437
5 0.148438 0.166406 0.081250 0.060937
2 0.172656 0.203125 0.023438 0.031250
2 0.139844 0.228906 0.029687 0.048438
2 0.147656 0.259375 0.017188 0.034375
2 0.186719 0.271875 0.035937 0.059375
2 0.155469 0.283594 0.032813 0.048438
2 0.169531 0.335156 0.039062 0.070312
2 0.217969 0.203125 0.020313 0.034375
2 0.231250 0.203906 0.025000 0.029687
2 0.256250 0.207031 0.018750 0.029687
2 0.289062 0.217188 0.068750 0.050000
2 0.339062 0.221094 0.031250 0.035937
2 0.700781 0.297656 0.042188 0.079687
2 0.717187 0.269531 0.025000 0.042188
5 0.686719 0.170313 0.079687 0.046875
3 0.647656 0.223438 0.067187 0.062500
3 0.203125 0.215625 0.034375 0.043750