3 0.404687 0.718750 0.128125 0.237500
5 0.696875 0.231250 0.096875 0.162500
3 0.474219 0.332813 0.064062 0.134375
5 0.395313 0.343750 0.078125 0.115625
5 0.821875 0.193750 0.053125 0.103125
5 0.276562 0.182812 0.059375 0.043750
2 0.257031 0.253906 0.020313 0.054688
2 0.286719 0.266406 0.023438 0.048438
2 0.303125 0.221094 0.031250 0.035937
2 0.330469 0.216406 0.029687 0.035937
2 0.381250 0.222656 0.037500 0.023438
2 0.399219 0.504687 0.070312 0.112500
2 0.900781 0.419531 0.051562 0.085938
2 0.896094 0.187500 0.020313 0.031250
3 0.918750 0.167187 0.031250 0.025000
3 0.341406 0.247656 0.039062 0.048438