3 0.249219 0.735156 0.160938 0.210938
2 0.789844 0.239063 0.039062 0.056250
2 0.850000 0.232813 0.040625 0.053125
2 0.381250 0.273438 0.059375 0.059375
2 0.392188 0.300781 0.037500 0.039062
2 0.805469 0.202344 0.023438 0.026562
5 0.207813 0.939844 0.356250 0.120313
5 0.440625 0.420312 0.165625 0.362500
5 0.746875 0.330469 0.071875 0.110937
5 0.757812 0.260156 0.075000 0.110937
5 0.923438 0.164844 0.034375 0.048438
5 0.464844 0.225000 0.070312 0.112500
5 0.432031 0.142187 0.042188 0.046875
5 0.358594 0.200000 0.123438 0.065625
5 0.248438 0.190625 0.087500 0.059375
5 0.798438 0.164062 0.028125 0.046875
2 0.342969 0.244531 0.082812 0.039062
2 0.586719 0.228906 0.032813 0.032813
2 0.517188 0.232813 0.043750 0.034375
2 0.285156 0.233594 0.039062 0.023438
2 0.887500 0.424219 0.053125 0.089063
2 0.864844 0.323437 0.010937 0.065625
2 0.850781 0.266406 0.020313 0.035937
2 0.729688 0.165625 0.031250 0.031250