3 0.546094 0.283594 0.039062 0.057813
3 0.456250 0.148438 0.018750 0.028125
5 0.275000 0.197656 0.109375 0.101562
5 0.643750 0.228125 0.115625 0.121875
5 0.196875 0.181250 0.046875 0.068750
5 0.175781 0.175000 0.042188 0.053125
5 0.317969 0.142969 0.035937 0.045312
5 0.529687 0.130469 0.040625 0.042188
2 0.403125 0.226562 0.034375 0.037500
2 0.110156 0.199219 0.029687 0.026562
2 0.061719 0.188281 0.029687 0.035937
2 0.441406 0.225000 0.023438 0.037500
2 0.493750 0.228125 0.028125 0.034375
2 0.728125 0.268750 0.012500 0.050000
2 0.748437 0.247656 0.018750 0.032813
2 0.734375 0.218750 0.012500 0.031250
2 0.772656 0.232813 0.026562 0.028125
3 0.843750 0.868750 0.246875 0.262500