3 0.796094 0.503906 0.110937 0.195312
5 0.357031 0.630469 0.314063 0.707812
5 0.150000 0.671875 0.296875 0.656250
5 0.374219 0.201563 0.148438 0.078125
5 0.449219 0.260156 0.079687 0.120313
5 0.386719 0.270313 0.085938 0.087500
5 0.842187 0.174219 0.062500 0.085938
4 0.901563 0.174219 0.043750 0.060937
5 0.717187 0.150781 0.031250 0.051562
2 0.830469 0.317969 0.035937 0.085938
2 0.806250 0.207031 0.018750 0.045312
2 0.680469 0.215625 0.026562 0.040625
2 0.286719 0.259375 0.039062 0.043750
2 0.310937 0.240625 0.043750 0.028125
2 0.936719 0.190625 0.010937 0.034375
2 0.690625 0.147656 0.028125 0.051562
2 0.448437 0.151562 0.046875 0.053125