3 0.788281 0.514062 0.095312 0.146875
3 0.750000 0.852344 0.209375 0.295312
3 0.406250 0.328125 0.084375 0.096875
3 0.480469 0.232031 0.057813 0.035937
3 0.692187 0.208594 0.078125 0.057813
4 0.496875 0.157812 0.071875 0.043750
4 0.670312 0.146875 0.084375 0.053125
5 0.746875 0.137500 0.075000 0.037500
5 0.325000 0.157031 0.115625 0.035937
5 0.345313 0.226562 0.090625 0.084375
3 0.338281 0.253906 0.060937 0.048438
2 0.271094 0.259375 0.029687 0.046875
2 0.289844 0.284375 0.026562 0.040625
2 0.291406 0.339844 0.039062 0.073438
2 0.109375 0.588281 0.078125 0.110937
2 0.851562 0.191406 0.028125 0.039062
2 0.897656 0.195312 0.035937 0.050000