5 0.185938 0.758594 0.368750 0.479687
5 0.324219 0.389062 0.129688 0.365625
5 0.644531 0.370312 0.117188 0.246875
5 0.536719 0.307031 0.073438 0.176563
5 0.709375 0.185156 0.106250 0.120313
5 0.321875 0.189844 0.156250 0.101562
5 0.199219 0.160938 0.048438 0.059375
3 0.160938 0.192188 0.040625 0.050000
3 0.185156 0.196875 0.023438 0.037500
3 0.234375 0.160156 0.034375 0.029687
2 0.127344 0.232031 0.039062 0.042188
2 0.094531 0.190625 0.017188 0.034375
2 0.130469 0.191406 0.026562 0.045312
2 0.205469 0.210156 0.014063 0.032813
2 0.239844 0.214062 0.032813 0.046875
2 0.721094 0.265625 0.032813 0.040625
2 0.644531 0.231250 0.045312 0.043750