3 0.201563 0.514844 0.093750 0.182812
5 0.754687 0.448437 0.303125 0.306250
5 0.718750 0.745313 0.562500 0.509375
3 0.543750 0.269531 0.062500 0.110937
3 0.614062 0.288281 0.059375 0.110937
3 0.652344 0.266406 0.039062 0.048438
5 0.161719 0.178125 0.060937 0.084375
5 0.683594 0.210938 0.051562 0.056250
5 0.582031 0.150781 0.060937 0.070312
2 0.300781 0.214844 0.051562 0.051562
2 0.274219 0.259375 0.039062 0.028125
2 0.071875 0.191406 0.046875 0.035937
2 0.103125 0.189844 0.021875 0.020313
2 0.457813 0.218750 0.040625 0.037500
2 0.254688 0.200000 0.031250 0.034375