3 0.168750 0.410938 0.078125 0.121875
5 0.285938 0.688281 0.125000 0.448437
5 0.750781 0.669531 0.498437 0.660937
5 0.540625 0.297656 0.090625 0.207813
5 0.603125 0.210938 0.159375 0.115625
5 0.718750 0.183594 0.112500 0.095312
5 0.263281 0.207031 0.067187 0.082812
5 0.110937 0.162500 0.053125 0.056250
5 0.172656 0.192969 0.060937 0.079687
3 0.246094 0.257031 0.045312 0.054688
3 0.270313 0.357031 0.046875 0.070312
3 0.679688 0.493750 0.065625 0.093750
3 0.597656 0.282813 0.035937 0.046875
3 0.669531 0.264062 0.064062 0.062500
3 0.692969 0.239844 0.035937 0.039062
2 0.167187 0.274219 0.046875 0.057813
2 0.035937 0.517969 0.062500 0.114062
5 0.301563 0.148438 0.040625 0.046875