5 0.795312 0.564063 0.221875 0.484375
5 0.717969 0.293750 0.114062 0.218750
5 0.785156 0.193750 0.076563 0.075000
5 0.803125 0.169531 0.059375 0.092188
5 0.867188 0.171875 0.046875 0.050000
5 0.384375 0.265625 0.078125 0.087500
5 0.267188 0.680469 0.521875 0.639062
3 0.317969 0.232813 0.048438 0.050000
3 0.398438 0.332813 0.065625 0.059375
3 0.910156 0.182812 0.032813 0.037500
2 0.867969 0.264844 0.029687 0.042188
2 0.840625 0.207813 0.015625 0.031250
2 0.863281 0.204687 0.020313 0.043750
2 0.873437 0.200000 0.012500 0.028125
2 0.476562 0.232031 0.034375 0.039062
2 0.550000 0.235156 0.028125 0.076563
2 0.591406 0.226562 0.029687 0.031250
2 0.665625 0.216406 0.037500 0.029687
2 0.432812 0.228906 0.031250 0.032813
2 0.937500 0.199219 0.018750 0.035937
4 0.267969 0.195312 0.076563 0.096875