5 0.851562 0.768750 0.296875 0.462500
5 0.560156 0.238281 0.101562 0.170313
5 0.643750 0.233594 0.096875 0.117188
5 0.662500 0.199219 0.112500 0.089063
5 0.605469 0.314063 0.064062 0.137500
5 0.190625 0.183594 0.053125 0.076563
3 0.150000 0.187500 0.031250 0.050000
3 0.448437 0.224219 0.071875 0.060937
3 0.656250 0.471875 0.109375 0.128125
3 0.598437 0.674219 0.150000 0.201563
2 0.330469 0.214062 0.029687 0.043750
2 0.037500 0.566406 0.062500 0.126562
2 0.718750 0.272656 0.021875 0.054688
2 0.388281 0.221094 0.042188 0.048438
2 0.514844 0.225000 0.023438 0.034375
2 0.139844 0.201563 0.026562 0.037500
2 0.105469 0.193750 0.014063 0.025000
2 0.067969 0.194531 0.039062 0.045312
3 0.317969 0.164062 0.039062 0.025000
5 0.292969 0.145313 0.035937 0.046875