5 0.407813 0.566406 0.203125 0.476562
5 0.390625 0.235937 0.118750 0.143750
5 0.365625 0.259375 0.118750 0.106250
5 0.384375 0.342187 0.081250 0.125000
5 0.481250 0.289062 0.065625 0.156250
5 0.733594 0.194531 0.060937 0.082812
4 0.511719 0.166406 0.067187 0.054688
2 0.265625 0.257031 0.015625 0.064062
2 0.293750 0.289062 0.015625 0.040625
2 0.642969 0.226562 0.060937 0.050000
2 0.798438 0.285156 0.040625 0.054688
2 0.837500 0.204687 0.040625 0.043750
2 0.811719 0.203906 0.020313 0.032813
3 0.851562 0.185156 0.025000 0.035937