3 0.767969 0.268750 0.067187 0.131250
5 0.610938 0.614062 0.278125 0.568750
5 0.861719 0.757812 0.276562 0.484375
5 0.576562 0.258594 0.128125 0.157812
5 0.647656 0.213281 0.110937 0.117188
5 0.505469 0.204687 0.157812 0.075000
5 0.380469 0.206250 0.060937 0.068750
5 0.277344 0.228906 0.085938 0.110937
5 0.065625 0.167187 0.062500 0.050000
5 0.312500 0.136719 0.034375 0.032813
3 0.156250 0.188281 0.046875 0.042188
3 0.720313 0.228906 0.037500 0.045312
3 0.251563 0.154688 0.018750 0.031250
2 0.112500 0.191406 0.018750 0.023438
2 0.148438 0.239844 0.031250 0.048438
2 0.193750 0.205469 0.015625 0.026562
2 0.201563 0.189844 0.018750 0.026562
2 0.699219 0.295312 0.020313 0.056250
2 0.732031 0.257031 0.010937 0.017188
5 0.549219 0.132812 0.048438 0.043750