5 0.377344 0.245312 0.073438 0.096875
3 0.393750 0.269531 0.071875 0.057813
4 0.603906 0.141406 0.114062 0.048438
4 0.417187 0.160938 0.065625 0.040625
3 0.756250 0.202344 0.046875 0.064062
3 0.385937 0.391406 0.075000 0.114062
3 0.650781 0.416406 0.064062 0.157812
3 0.736719 0.364844 0.076563 0.107813
3 0.554688 0.234375 0.050000 0.056250
5 0.722656 0.131250 0.060937 0.046875
2 0.639844 0.215625 0.035937 0.053125
2 0.582812 0.350000 0.034375 0.081250
2 0.884375 0.410938 0.056250 0.087500
2 0.283594 0.313281 0.032813 0.042188
2 0.293750 0.282813 0.025000 0.034375
2 0.679688 0.225000 0.040625 0.040625