3 0.757031 0.470313 0.098437 0.165625
3 0.376563 0.272656 0.065625 0.054688
3 0.432031 0.271094 0.057813 0.070312
3 0.628125 0.221094 0.046875 0.039062
3 0.371875 0.228906 0.065625 0.035937
3 0.303125 0.218750 0.065625 0.043750
3 0.269531 0.236719 0.051562 0.035937
3 0.852344 0.196094 0.032813 0.042188
4 0.763281 0.190625 0.117188 0.059375
4 0.627344 0.146875 0.120313 0.040625
2 0.883594 0.212500 0.020313 0.034375
2 0.903906 0.197656 0.017188 0.032813
2 0.939063 0.203125 0.015625 0.034375
2 0.296875 0.264844 0.056250 0.045312