5 0.739844 0.549219 0.214062 0.526563
5 0.456250 0.435156 0.159375 0.395313
5 0.300000 0.430469 0.190625 0.395313
5 0.311719 0.207031 0.120313 0.089063
5 0.468750 0.210938 0.087500 0.071875
5 0.755469 0.158594 0.039062 0.045312
5 0.572656 0.150000 0.057813 0.040625
3 0.604688 0.215625 0.084375 0.046875
3 0.810937 0.203906 0.037500 0.045312
2 0.689844 0.224219 0.042188 0.048438
2 0.623437 0.228906 0.034375 0.045312
2 0.892188 0.211719 0.034375 0.032813
5 0.435937 0.142187 0.053125 0.040625
5 0.696875 0.135156 0.050000 0.039062