5 0.281250 0.610156 0.328125 0.779687
5 0.532031 0.289844 0.070312 0.185938
5 0.625781 0.316406 0.079687 0.195312
5 0.378906 0.200000 0.160938 0.103125
5 0.738281 0.193750 0.085938 0.078125
5 0.178906 0.172656 0.045312 0.051562
5 0.158594 0.201563 0.035937 0.046875
3 0.205469 0.220312 0.051562 0.062500
2 0.255469 0.221875 0.026562 0.059375
2 0.277344 0.214844 0.014063 0.032813
2 0.144531 0.253125 0.029687 0.053125
2 0.114844 0.202344 0.026562 0.035937
2 0.071875 0.186719 0.031250 0.042188
5 0.572656 0.157812 0.035937 0.031250