4 0.173437 0.659375 0.343750 0.678125
3 0.889062 0.456250 0.109375 0.143750
5 0.770312 0.156250 0.040625 0.056250
2 0.277344 0.343750 0.054688 0.071875
2 0.262500 0.256250 0.018750 0.043750
2 0.277344 0.250781 0.020313 0.026562
2 0.334375 0.228906 0.021875 0.035937
2 0.364844 0.224219 0.023438 0.035937
2 0.378125 0.227344 0.028125 0.039062
2 0.661719 0.224219 0.023438 0.035937
2 0.744531 0.211719 0.023438 0.051562
2 0.764844 0.205469 0.020313 0.045312
2 0.780469 0.192969 0.020313 0.032813
2 0.808594 0.204687 0.023438 0.046875