5 0.575781 0.547656 0.170313 0.351562
5 0.225781 0.300781 0.123438 0.217188
5 0.599219 0.227344 0.164062 0.089063
5 0.597656 0.283594 0.067187 0.101562
5 0.719531 0.224219 0.089063 0.085938
5 0.671875 0.158594 0.062500 0.060937
5 0.232813 0.155469 0.043750 0.054688
3 0.301563 0.289062 0.040625 0.096875
3 0.310156 0.211719 0.067187 0.064062
3 0.877344 0.871875 0.245312 0.256250
3 0.629687 0.377344 0.081250 0.117188
1 0.485156 0.260156 0.060937 0.064062
2 0.712500 0.318750 0.050000 0.068750
2 0.739062 0.375000 0.040625 0.081250