3 0.867188 0.864844 0.225000 0.270313
5 0.605469 0.326562 0.085938 0.137500
5 0.173437 0.174219 0.040625 0.076563
5 0.693750 0.217969 0.065625 0.057813
5 0.569531 0.142187 0.064062 0.046875
3 0.526563 0.308594 0.046875 0.067187
2 0.153906 0.267969 0.051562 0.064062
2 0.182031 0.330469 0.035937 0.067187
2 0.699219 0.308594 0.029687 0.060937
2 0.728906 0.350000 0.032813 0.053125
2 0.785937 0.460156 0.071875 0.101562
2 0.593750 0.227344 0.046875 0.042188
2 0.464844 0.220312 0.035937 0.028125
3 0.253906 0.142969 0.039062 0.020313
3 0.292969 0.146094 0.045312 0.045312