5 0.225781 0.560156 0.267188 0.448437
5 0.239844 0.914062 0.454688 0.171875
5 0.796094 0.206250 0.067187 0.109375
5 0.395313 0.273438 0.068750 0.100000
5 0.409375 0.227344 0.100000 0.123438
5 0.311719 0.222656 0.107813 0.104688
3 0.381250 0.360938 0.053125 0.075000
3 0.440625 0.477344 0.081250 0.120313
3 0.828906 0.188281 0.023438 0.029687
3 0.458594 0.219531 0.042188 0.051562
2 0.284375 0.334375 0.012500 0.062500
2 0.513281 0.223438 0.026562 0.040625
2 0.555469 0.228125 0.032813 0.046875
2 0.874219 0.200000 0.014063 0.043750
2 0.892188 0.210938 0.031250 0.050000
5 0.706250 0.141406 0.050000 0.064062