0 0.179688 0.278125 0.034375 0.137500
5 0.832031 0.189062 0.073438 0.090625
5 0.752344 0.149219 0.045312 0.057813
5 0.427344 0.260156 0.104688 0.148438
5 0.427344 0.146094 0.042188 0.042188
2 0.792188 0.396094 0.065625 0.107813
2 0.884375 0.442969 0.043750 0.067187
2 0.726562 0.219531 0.031250 0.045312
2 0.770312 0.209375 0.031250 0.043750
2 0.273438 0.358594 0.034375 0.073438
2 0.296094 0.292187 0.032813 0.043750
2 0.285938 0.257812 0.040625 0.028125
2 0.328906 0.228906 0.023438 0.032813
3 0.480469 0.368750 0.079687 0.093750