5 0.343750 0.442188 0.190625 0.300000
5 0.534375 0.302344 0.109375 0.226562
5 0.695312 0.235156 0.053125 0.085938
5 0.146094 0.175781 0.057813 0.076563
5 0.199219 0.174219 0.042188 0.067187
5 0.230469 0.161719 0.029687 0.051562
5 0.267969 0.151562 0.051562 0.059375
5 0.296094 0.148438 0.032813 0.037500
5 0.067187 0.759375 0.131250 0.334375
3 0.564063 0.571094 0.131250 0.182812
3 0.650781 0.225781 0.048438 0.060937
2 0.167187 0.285156 0.043750 0.048438
2 0.181250 0.257031 0.018750 0.029687
2 0.112500 0.197656 0.018750 0.032813
2 0.146094 0.213281 0.020313 0.039062
2 0.602344 0.219531 0.039062 0.032813
2 0.700000 0.296875 0.025000 0.034375
2 0.739062 0.252344 0.012500 0.039062
2 0.780469 0.442188 0.051562 0.093750
2 0.716406 0.347656 0.035937 0.079687
2 0.975781 0.714844 0.048438 0.148438