5 0.376563 0.389062 0.093750 0.146875
3 0.473438 0.446875 0.078125 0.115625
3 0.364844 0.217969 0.060937 0.067187
3 0.275000 0.231250 0.040625 0.053125
5 0.739844 0.142187 0.073438 0.040625
2 0.221094 0.437500 0.042188 0.084375
2 0.096875 0.600781 0.084375 0.120313
2 0.267188 0.275000 0.021875 0.043750
2 0.294531 0.269531 0.023438 0.039062
2 0.582031 0.216406 0.042188 0.039062
2 0.741406 0.210156 0.029687 0.042188
2 0.831250 0.257031 0.031250 0.048438
2 0.859375 0.224219 0.028125 0.045312
2 0.829688 0.347656 0.050000 0.085938