5 0.519531 0.275781 0.085938 0.220312
5 0.626563 0.289844 0.075000 0.217188
5 0.668750 0.234375 0.065625 0.100000
5 0.712500 0.225781 0.071875 0.067187
5 0.164062 0.164844 0.053125 0.076563
5 0.194531 0.184375 0.064062 0.068750
5 0.327344 0.203906 0.076563 0.095312
5 0.573438 0.148438 0.034375 0.053125
5 0.528906 0.135937 0.032813 0.037500
5 0.282031 0.128906 0.048438 0.045312
3 0.250000 0.333594 0.046875 0.095312
3 0.583594 0.214844 0.039062 0.039062
3 0.230469 0.164844 0.035937 0.032813
2 0.141406 0.373437 0.051562 0.081250
2 0.063281 0.189062 0.020313 0.031250
2 0.080469 0.190625 0.014063 0.031250
2 0.242188 0.205469 0.018750 0.032813
2 0.263281 0.221094 0.039062 0.048438
2 0.727344 0.269531 0.026562 0.048438
3 0.321875 0.153906 0.037500 0.039062