5 0.279687 0.660156 0.478125 0.679688
5 0.350000 0.261719 0.062500 0.107813
5 0.388281 0.234375 0.064062 0.081250
5 0.410938 0.200781 0.184375 0.101562
5 0.791406 0.195312 0.070312 0.109375
5 0.951562 0.156250 0.028125 0.056250
5 0.689844 0.150781 0.045312 0.067187
3 0.653125 0.221875 0.075000 0.059375
3 0.267969 0.241406 0.039062 0.051562
2 0.289844 0.318750 0.017188 0.040625
2 0.513281 0.234375 0.032813 0.025000
2 0.535937 0.228125 0.025000 0.034375
2 0.569531 0.220312 0.039062 0.034375
2 0.843750 0.266406 0.043750 0.067187
2 0.741406 0.202344 0.020313 0.023438
2 0.839063 0.203906 0.018750 0.029687
3 0.857812 0.205469 0.034375 0.051562
5 0.749219 0.142969 0.048438 0.048438