5 0.318750 0.560937 0.193750 0.506250
5 0.746094 0.696094 0.507812 0.607812
5 0.551562 0.302344 0.125000 0.239063
5 0.593750 0.218750 0.093750 0.103125
5 0.238281 0.192969 0.095312 0.092188
5 0.720313 0.192969 0.103125 0.079687
3 0.689844 0.238281 0.067187 0.042188
3 0.621875 0.297656 0.037500 0.051562
3 0.637500 0.272656 0.050000 0.051562
3 0.190625 0.190625 0.037500 0.046875
5 0.561719 0.137500 0.039062 0.043750
2 0.153125 0.335938 0.037500 0.081250
2 0.063281 0.175781 0.023438 0.032813
2 0.160156 0.189844 0.035937 0.032813
2 0.726562 0.370312 0.050000 0.062500