3 0.730469 0.622656 0.135937 0.210938
5 0.246875 0.346875 0.115625 0.221875
5 0.284375 0.270313 0.081250 0.143750
5 0.666406 0.246875 0.067187 0.078125
5 0.564844 0.263281 0.076563 0.067187
5 0.428906 0.217969 0.085938 0.054688
4 0.108594 0.182812 0.079687 0.075000
5 0.303125 0.145313 0.062500 0.059375
2 0.163281 0.199219 0.039062 0.039062
2 0.455469 0.307812 0.042188 0.062500
3 0.176563 0.189844 0.034375 0.035937
3 0.209375 0.214844 0.037500 0.045312
3 0.522656 0.346875 0.057813 0.109375
3 0.603906 0.345313 0.064062 0.075000
2 0.315625 0.224219 0.037500 0.048438
4 0.606250 0.157031 0.118750 0.051562
3 0.745313 0.213281 0.034375 0.039062