5 0.683594 0.782031 0.364063 0.435937
5 0.820312 0.661719 0.359375 0.532813
5 0.568750 0.392969 0.140625 0.364063
5 0.600000 0.237500 0.065625 0.159375
5 0.524219 0.197656 0.142187 0.079687
5 0.735938 0.209375 0.040625 0.050000
5 0.318750 0.202344 0.087500 0.079687
2 0.400000 0.233594 0.037500 0.048438
2 0.421875 0.227344 0.043750 0.048438
2 0.450000 0.231250 0.021875 0.031250
2 0.732812 0.274219 0.040625 0.054688
2 0.693750 0.229687 0.034375 0.034375
2 0.157812 0.324219 0.050000 0.064062
2 0.086719 0.229687 0.020313 0.028125
2 0.132812 0.225000 0.037500 0.037500
2 0.143750 0.214062 0.031250 0.034375
2 0.186719 0.207813 0.029687 0.037500
2 0.064062 0.187500 0.018750 0.018750
2 0.085938 0.178125 0.025000 0.021875