5 0.137500 0.739844 0.271875 0.520312
5 0.658594 0.254688 0.057813 0.071875
5 0.270313 0.201563 0.056250 0.053125
4 0.145313 0.144531 0.062500 0.032813
3 0.429688 0.217188 0.046875 0.046875
3 0.612500 0.317969 0.050000 0.079687
3 0.608594 0.257031 0.039062 0.051562
3 0.714063 0.221875 0.040625 0.037500
5 0.310937 0.147656 0.040625 0.057813
3 0.185156 0.196875 0.026562 0.040625
2 0.113281 0.225781 0.017188 0.039062
2 0.150781 0.318750 0.023438 0.065625
2 0.193750 0.322656 0.043750 0.070312
2 0.218750 0.209375 0.012500 0.031250
2 0.199219 0.207031 0.020313 0.026562
2 0.350781 0.220312 0.039062 0.034375
2 0.520312 0.242188 0.046875 0.037500
2 0.509375 0.229687 0.037500 0.040625
2 0.889062 0.577344 0.081250 0.114062