0 0.780469 0.270313 0.045312 0.128125
5 0.378906 0.216406 0.089063 0.060937
5 0.713281 0.232813 0.048438 0.068750
5 0.303906 0.153125 0.039062 0.056250
2 0.147656 0.287500 0.020313 0.056250
2 0.178906 0.196875 0.023438 0.021875
2 0.281250 0.215625 0.021875 0.043750
2 0.314063 0.222656 0.021875 0.032813
2 0.323437 0.214062 0.021875 0.025000
2 0.478125 0.231250 0.028125 0.043750
2 0.578125 0.242188 0.025000 0.031250
2 0.594531 0.246094 0.035937 0.023438
2 0.605469 0.232031 0.020313 0.026562
2 0.716406 0.339062 0.039062 0.056250
3 0.654687 0.265625 0.050000 0.053125
3 0.668750 0.227344 0.040625 0.035937
3 0.560937 0.225000 0.059375 0.043750