5 0.684375 0.435156 0.196875 0.395313
5 0.538281 0.342969 0.101562 0.235937
5 0.579688 0.267969 0.084375 0.129688
5 0.658594 0.215625 0.082812 0.093750
5 0.209375 0.204687 0.056250 0.071875
5 0.302344 0.154688 0.039062 0.028125
5 0.685937 0.161719 0.078125 0.039062
2 0.163281 0.270313 0.035937 0.046875
2 0.149219 0.235937 0.035937 0.040625
2 0.253125 0.228125 0.028125 0.059375
2 0.146875 0.200781 0.037500 0.042188
2 0.157812 0.191406 0.028125 0.042188
3 0.347656 0.214844 0.051562 0.060937
3 0.317188 0.225000 0.021875 0.028125
3 0.433594 0.239844 0.045312 0.070312
2 0.945312 0.666406 0.081250 0.164062
3 0.921875 0.941406 0.156250 0.117188