5 0.646094 0.639844 0.310937 0.698438
5 0.630469 0.203125 0.148438 0.112500
5 0.526563 0.257812 0.081250 0.150000
5 0.303125 0.231250 0.071875 0.109375
5 0.217969 0.191406 0.057813 0.070312
5 0.138281 0.170313 0.054688 0.059375
5 0.274219 0.146094 0.035937 0.045312
5 0.564063 0.145313 0.046875 0.050000
5 0.659375 0.146094 0.056250 0.051562
3 0.232813 0.509375 0.131250 0.162500
3 0.048438 0.817187 0.093750 0.365625
3 0.278125 0.306250 0.056250 0.068750
3 0.654687 0.267969 0.040625 0.048438
3 0.689063 0.246094 0.034375 0.051562
3 0.721875 0.239844 0.040625 0.051562
2 0.208594 0.261719 0.029687 0.054688
2 0.144531 0.211719 0.020313 0.039062