5 0.414844 0.696094 0.182812 0.607812
5 0.300000 0.435937 0.181250 0.321875
5 0.453125 0.300781 0.109375 0.226562
5 0.371875 0.237500 0.078125 0.121875
5 0.357031 0.204687 0.170313 0.075000
5 0.581250 0.207031 0.103125 0.089063
2 0.146875 0.527344 0.078125 0.120313
2 0.043750 0.648438 0.071875 0.150000
2 0.815625 0.257031 0.025000 0.054688
2 0.945312 0.475781 0.053125 0.123438
2 0.844531 0.274219 0.042188 0.073438
2 0.864062 0.195312 0.021875 0.028125
2 0.685156 0.211719 0.029687 0.026562
2 0.761719 0.213281 0.029687 0.039062
2 0.523438 0.239844 0.034375 0.032813
2 0.932031 0.225781 0.035937 0.045312