5 0.853906 0.739062 0.292187 0.521875
5 0.671094 0.717969 0.314063 0.564063
5 0.267969 0.685937 0.364063 0.628125
5 0.246875 0.382812 0.140625 0.196875
5 0.320312 0.257812 0.106250 0.171875
5 0.213281 0.213281 0.110937 0.142187
5 0.578125 0.228906 0.084375 0.148438
5 0.625000 0.270313 0.050000 0.128125
5 0.165625 0.167969 0.068750 0.079687
5 0.467969 0.152344 0.070312 0.039062
3 0.473438 0.168750 0.037500 0.028125
2 0.081250 0.179688 0.031250 0.028125
2 0.114844 0.199219 0.032813 0.042188
5 0.546875 0.378125 0.140625 0.184375
2 0.685937 0.219531 0.031250 0.045312