5 0.709375 0.812500 0.406250 0.375000
5 0.543750 0.194531 0.212500 0.120313
5 0.201563 0.197656 0.065625 0.089063
5 0.113281 0.166406 0.085938 0.082812
3 0.246875 0.250000 0.050000 0.059375
3 0.527344 0.316406 0.057813 0.089063
3 0.686719 0.227344 0.042188 0.045312
3 0.253125 0.158594 0.040625 0.020313
2 0.158594 0.331250 0.045312 0.075000
2 0.147656 0.280469 0.042188 0.042188
2 0.112500 0.196875 0.021875 0.043750
2 0.140625 0.204687 0.028125 0.043750
2 0.748437 0.239063 0.018750 0.043750
2 0.744531 0.206250 0.023438 0.034375