5 0.320312 0.425781 0.206250 0.385937
5 0.478906 0.339062 0.110937 0.225000
3 0.089063 0.942187 0.171875 0.115625
5 0.345313 0.218750 0.096875 0.068750
3 0.575781 0.223438 0.048438 0.040625
3 0.650781 0.222656 0.051562 0.035937
3 0.803906 0.204687 0.032813 0.075000
5 0.425781 0.257812 0.095312 0.125000
3 0.704688 0.157031 0.043750 0.032813
2 0.063281 0.664844 0.117188 0.157812
2 0.821094 0.261719 0.020313 0.054688
2 0.845313 0.267969 0.018750 0.057813
2 0.676562 0.225781 0.037500 0.039062
2 0.755469 0.224219 0.042188 0.060937
2 0.857812 0.232813 0.012500 0.040625
2 0.867188 0.202344 0.025000 0.035937
2 0.848437 0.192188 0.018750 0.034375