3 0.360156 0.471875 0.117188 0.156250
3 0.871875 0.191406 0.021875 0.048438
3 0.363281 0.254688 0.060937 0.040625
3 0.548438 0.152344 0.025000 0.017188
5 0.278125 0.216406 0.112500 0.114062
5 0.593750 0.206250 0.121875 0.084375
5 0.772656 0.210938 0.070312 0.084375
5 0.833594 0.169531 0.039062 0.048438
5 0.794531 0.161719 0.060937 0.057813
5 0.706250 0.146094 0.046875 0.057813
2 0.675000 0.220312 0.031250 0.046875
2 0.407031 0.229687 0.039062 0.037500
2 0.357031 0.224219 0.026562 0.035937
2 0.385156 0.225781 0.029687 0.035937
2 0.861719 0.248438 0.026562 0.053125
2 0.899219 0.192969 0.010937 0.039062
2 0.915625 0.197656 0.009375 0.048438
2 0.930469 0.194531 0.020313 0.039062