5 0.808594 0.438281 0.132812 0.229687
5 0.324219 0.893750 0.245312 0.212500
5 0.389844 0.275781 0.073438 0.189062
5 0.445312 0.246875 0.065625 0.106250
5 0.463281 0.157812 0.098437 0.046875
5 0.321094 0.239063 0.139063 0.096875
3 0.337500 0.460938 0.071875 0.112500
3 0.462500 0.425781 0.056250 0.092188
3 0.114844 0.892969 0.185938 0.214062
3 0.791406 0.184375 0.023438 0.034375
2 0.292969 0.288281 0.042188 0.057813
2 0.648438 0.223438 0.043750 0.037500
2 0.671875 0.217969 0.021875 0.039062
2 0.713281 0.222656 0.035937 0.048438
2 0.751563 0.219531 0.015625 0.026562
2 0.874219 0.253906 0.039062 0.039062
2 0.900781 0.196094 0.014063 0.023438
2 0.854688 0.200781 0.040625 0.039062
2 0.785937 0.322656 0.043750 0.054688
2 0.969531 0.571875 0.060937 0.131250