5 0.334375 0.779687 0.403125 0.440625
5 0.174219 0.617188 0.342187 0.528125
5 0.422656 0.389844 0.173437 0.364063
5 0.385937 0.251563 0.081250 0.143750
5 0.471094 0.203906 0.167187 0.092188
5 0.682031 0.216406 0.067187 0.070312
5 0.269531 0.207031 0.039062 0.067187
2 0.844531 0.319531 0.032813 0.070312
2 0.867969 0.236719 0.023438 0.035937
2 0.856250 0.209375 0.012500 0.031250
2 0.814844 0.200781 0.029687 0.023438
2 0.608594 0.229687 0.029687 0.040625
2 0.583594 0.239844 0.045312 0.039062
2 0.555469 0.236719 0.029687 0.039062
2 0.282031 0.278125 0.039062 0.056250
2 0.722656 0.210938 0.023438 0.046875