5 0.715625 0.690625 0.475000 0.618750
5 0.534375 0.314844 0.084375 0.232813
5 0.660937 0.208594 0.125000 0.095312
5 0.542188 0.196094 0.137500 0.076563
5 0.160938 0.199219 0.031250 0.070312
5 0.264844 0.157031 0.067187 0.048438
5 0.541406 0.136719 0.035937 0.051562
5 0.669531 0.153125 0.073438 0.056250
2 0.173437 0.341406 0.025000 0.060937
2 0.107031 0.221094 0.020313 0.042188
2 0.378906 0.233594 0.045312 0.067187
2 0.430469 0.232813 0.032813 0.037500
2 0.463281 0.236719 0.029687 0.039062
2 0.703125 0.289062 0.031250 0.062500
3 0.625781 0.378906 0.064062 0.098437
2 0.896094 0.582031 0.073438 0.107813
2 0.723437 0.258594 0.028125 0.054688
3 0.247656 0.416406 0.120313 0.229687
5 0.210938 0.214062 0.043750 0.053125
3 0.190625 0.189844 0.021875 0.035937