3 0.141406 0.660937 0.139063 0.275000
3 0.271094 0.363281 0.098437 0.142187
3 0.114062 0.179688 0.015625 0.034375
5 0.224219 0.206250 0.054688 0.103125
5 0.554688 0.425000 0.156250 0.406250
5 0.606250 0.195312 0.137500 0.093750
5 0.726562 0.207813 0.062500 0.118750
5 0.268750 0.156250 0.050000 0.043750
5 0.664844 0.157031 0.054688 0.064062
3 0.695312 0.201563 0.056250 0.053125
2 0.330469 0.219531 0.051562 0.051562
2 0.406250 0.223438 0.031250 0.050000
2 0.460938 0.225000 0.025000 0.040625
2 0.498437 0.229687 0.025000 0.034375
2 0.087500 0.185938 0.021875 0.031250