0 0.789844 0.273438 0.054688 0.150000
5 0.730469 0.665625 0.504687 0.659375
5 0.498437 0.203906 0.196875 0.107813
5 0.626563 0.246094 0.087500 0.129688
5 0.697656 0.202344 0.057813 0.079687
5 0.178906 0.187500 0.051562 0.084375
3 0.267969 0.267188 0.054688 0.071875
3 0.201563 0.225781 0.028125 0.051562
1 0.107031 0.460938 0.029687 0.103125
2 0.163281 0.403125 0.051562 0.112500
2 0.273438 0.210156 0.015625 0.032813
2 0.325781 0.225000 0.023438 0.056250
2 0.350000 0.221875 0.028125 0.040625
2 0.374219 0.228125 0.026562 0.056250
2 0.398438 0.228125 0.021875 0.050000