5 0.668750 0.197656 0.159375 0.123438
5 0.365625 0.612500 0.256250 0.678125
5 0.119531 0.780469 0.235937 0.392188
5 0.371094 0.246094 0.070312 0.114062
2 0.278125 0.329688 0.021875 0.090625
3 0.296094 0.236719 0.076563 0.098437
3 0.792188 0.192188 0.040625 0.056250
2 0.885938 0.435937 0.037500 0.115625
2 0.868750 0.242969 0.025000 0.045312
2 0.873437 0.221875 0.018750 0.031250
2 0.901563 0.202344 0.018750 0.042188
2 0.880469 0.192188 0.014063 0.040625
2 0.857812 0.193750 0.021875 0.037500
2 0.770312 0.221094 0.028125 0.032813
2 0.460938 0.234375 0.034375 0.040625