3 0.749219 0.735156 0.173437 0.201563
3 0.148438 0.231250 0.046875 0.056250
3 0.206250 0.239063 0.021875 0.040625
3 0.624219 0.269531 0.042188 0.064062
3 0.609375 0.298438 0.031250 0.053125
3 0.191406 0.200781 0.032813 0.039062
3 0.247656 0.144531 0.032813 0.029687
5 0.195312 0.172656 0.053125 0.067187
5 0.079687 0.171094 0.040625 0.054688
5 0.564063 0.434375 0.168750 0.359375
5 0.539062 0.220312 0.075000 0.115625
5 0.660156 0.198437 0.139063 0.065625
5 0.571094 0.140625 0.042188 0.059375
2 0.127344 0.413281 0.048438 0.073438
2 0.137500 0.325000 0.031250 0.050000
2 0.159375 0.263281 0.025000 0.039062
2 0.416406 0.221875 0.039062 0.040625
2 0.485938 0.228125 0.031250 0.034375
2 0.664844 0.240625 0.048438 0.037500
2 0.592969 0.233594 0.045312 0.032813
2 0.709375 0.230469 0.012500 0.035937
2 0.721875 0.243750 0.028125 0.034375
5 0.264062 0.328125 0.075000 0.106250
5 0.253125 0.246094 0.062500 0.079687