3 0.268750 0.358594 0.059375 0.085938
3 0.354687 0.404687 0.078125 0.140625
3 0.621094 0.389062 0.070312 0.100000
3 0.436719 0.227344 0.054688 0.035937
3 0.239063 0.200781 0.059375 0.051562
4 0.401562 0.139844 0.106250 0.054688
4 0.579688 0.161719 0.087500 0.054688
5 0.637500 0.228125 0.090625 0.078125
3 0.612500 0.268750 0.065625 0.046875
2 0.117188 0.400000 0.050000 0.065625
2 0.084375 0.203906 0.043750 0.064062
2 0.175000 0.174219 0.028125 0.029687
2 0.321875 0.216406 0.025000 0.045312
2 0.363281 0.234375 0.029687 0.046875
2 0.717187 0.264062 0.040625 0.040625
2 0.716406 0.322656 0.017188 0.051562
2 0.801562 0.475000 0.050000 0.087500