4 0.925781 0.771875 0.148438 0.428125
4 0.861719 0.610156 0.267188 0.698438
5 0.366406 0.610938 0.323437 0.690625
5 0.664844 0.297656 0.192188 0.182812
5 0.629687 0.216406 0.134375 0.064062
5 0.807031 0.184375 0.064062 0.109375
5 0.357812 0.247656 0.075000 0.079687
5 0.717969 0.143750 0.054688 0.056250
3 0.272656 0.220312 0.032813 0.031250
3 0.878125 0.180469 0.040625 0.026562
5 0.849219 0.176563 0.048438 0.062500
2 0.528906 0.223438 0.045312 0.037500
2 0.270313 0.258594 0.043750 0.051562
2 0.310156 0.221875 0.026562 0.034375
2 0.939063 0.200781 0.021875 0.051562